Wavelength_nm	Transmission
350	2.059e-07
351	2.6801e-07
352	2.7589e-07
353	9.8905e-08
354	5.098e-08
355	2.1253e-07
356	6.9705e-07
357	3.6083e-07
358	1.9871e-07
359	2.1877e-07
360	2.3406e-07
361	8.1929e-08
362	3.4792e-08
363	3.4614e-08
364	3.8908e-08
365	8.5958e-08
366	1.6748e-07
367	1.2984e-07
368	1.0906e-07
369	2.0794e-07
370	3.7444e-07
371	9.9558e-08
372	3.3524e-08
373	3.2871e-08
374	3.3935e-08
375	4.6912e-08
376	6.3827e-08
377	7.7186e-08
378	9.286e-08
379	1.0596e-07
380	1.1778e-07
381	5.4264e-08
382	3.3691e-08
383	8.537e-08
384	1.6423e-07
385	6.1427e-08
386	2.6684e-08
387	3.667e-08
388	5.0885e-08
389	7.8409e-08
390	1.1632e-07
391	4.6254e-08
392	2.7069e-08
393	1.005e-07
394	2.9465e-07
395	2.1214e-07
396	1.4054e-07
397	4.9098e-08
398	2.0085e-08
399	4.3033e-08
400	9.2604e-08
401	2.2943e-07
402	4.5452e-07
403	3.2059e-07
404	2.4668e-07
405	3.1066e-07
406	3.6725e-07
407	2.7526e-07
408	2.0284e-07
409	1.2711e-07
410	7.8834e-08
411	3.6507e-08
412	1.9241e-08
413	1.8902e-08
414	1.8582e-08
415	1.8339e-08
416	1.8096e-08
417	1.7827e-08
418	1.8577e-08
419	3.3485e-08
420	5.7787e-08
421	2.8964e-08
422	1.8238e-08
423	3.555e-08
424	6.5447e-08
425	8.556e-08
426	9.6797e-08
427	3.6774e-08
428	1.6515e-08
429	3.792e-08
430	8.5028e-08
431	9.7282e-08
432	9.4853e-08
433	4.2827e-08
434	2.0645e-08
435	1.455e-08
436	1.0707e-08
437	1.0719e-08
438	1.1712e-08
439	2.8352e-08
440	6.4037e-08
441	2.501e-08
442	1.1429e-08
443	1.1435e-08
444	1.138e-08
445	1.097e-08
446	1.0604e-08
447	1.0464e-08
448	1.0459e-08
449	1.1775e-08
450	1.3618e-08
451	3.118e-08
452	6.4049e-08
453	7.5669e-08
454	7.4914e-08
455	2.527e-08
456	9.7385e-09
457	9.9703e-09
458	1.0198e-08
459	1.0339e-08
460	1.046e-08
461	1.0039e-08
462	1.0592e-08
463	1.8062e-08
464	2.9133e-08
465	3.3754e-08
466	3.8924e-08
467	4.3425e-08
468	5.036e-08
469	8.1531e-08
470	1.3095e-07
471	1.7539e-07
472	2.2331e-07
473	2.2041e-07
474	2.0714e-07
475	1.4617e-07
476	1.086e-07
477	1.1494e-07
478	1.263e-07
479	1.8907e-07
480	2.6939e-07
481	1.3457e-07
482	8.0032e-08
483	1.1807e-07
484	1.6958e-07
485	2.0748e-07
486	2.4477e-07
487	2.239e-07
488	1.9912e-07
489	1.4002e-07
490	1.098e-07
491	2.2805e-08
492	1.2521e-08
493	2.7241e-08
494	1.1732e-08
495	1.8044e-08
496	2.2589e-08
497	1.7808e-08
498	2.1199e-08
499	1.2244e-08
500	6.47e-08
501	9.2082e-08
502	3.4518e-08
503	1.663e-08
504	1.5445e-08
505	9.6298e-09
506	1.2481e-08
507	2.9071e-08
508	5.4316e-08
509	8.7797e-09
510	2.877e-08
511	7.9337e-08
512	1.6866e-08
513	5.5799e-08
514	5.2179e-08
515	3.2663e-08
516	6.2122e-08
517	9.1192e-08
518	2.3907e-08
519	1.5061e-08
520	1.7211e-08
521	4.9457e-08
522	3.8583e-08
523	1.4194e-08
524	6.8046e-08
525	7.1622e-08
526	1.3701e-08
527	4.1842e-08
528	1.2705e-08
529	5.3765e-08
530	1.3039e-08
531	3.4385e-08
532	3.5341e-08
533	8.7632e-08
534	9.2084e-08
535	1.2336e-08
536	1.6448e-08
537	6.7328e-08
538	4.9966e-08
539	4.7888e-08
540	4.7182e-08
541	2.0372e-08
542	1.1687e-08
543	3.5021e-08
544	2.0212e-08
545	4.7007e-08
546	3.4324e-08
547	6.2393e-08
548	3.4472e-08
549	2.2188e-08
550	6.0973e-08
551	8.9101e-08
552	7.4995e-08
553	1.1112e-08
554	4.4892e-08
555	4.0725e-08
556	8.3502e-08
557	7.5237e-08
558	1.2402e-08
559	6.369e-08
560	7.2505e-08
561	5.9843e-08
562	7.3492e-08
563	5.4217e-08
564	8.3823e-08
565	8.5419e-08
566	9.791e-08
567	7.6142e-08
568	6.292e-08
569	7.3225e-08
570	7.0414e-08
571	7.7943e-08
572	2.7006e-07
573	5.8961e-07
574	1.0183e-06
575	2.1782e-06
576	6.2228e-06
577	2.3628e-05
578	0.00011607
579	0.00079277
580	0.00668
581	0.07536
582	0.69757
583	0.98248
584	0.98687
585	0.98928
586	0.98941
587	0.9907
588	0.98992
589	0.98799
590	0.99074
591	0.99218
592	0.98952
593	0.9868
594	0.98954
595	0.99184
596	0.99244
597	0.99304
598	0.99239
599	0.98981
600	0.98926
601	0.99043
602	0.99294
603	0.99318
604	0.99086
605	0.99001
606	0.99027
607	0.99194
608	0.99359
609	0.99361
610	0.99183
611	0.9916
612	0.99152
613	0.99147
614	0.99018
615	0.98877
616	0.99078
617	0.99262
618	0.99232
619	0.99186
620	0.99059
621	0.9909
622	0.9901
623	0.9897
624	0.98986
625	0.99307
626	0.99414
627	0.99298
628	0.99192
629	0.99212
630	0.99355
631	0.99243
632	0.99018
633	0.99008
634	0.9902
635	0.99172
636	0.99207
637	0.99244
638	0.99317
639	0.99218
640	0.99161
641	0.98991
642	0.98999
643	0.99051
644	0.99089
645	0.9914
646	0.99385
647	0.99452
648	0.99543
649	0.99342
650	0.99203
651	0.99214
652	0.9933
653	0.99472
654	0.99401
655	0.99307
656	0.99236
657	0.99271
658	0.99434
659	0.99606
660	0.99649
661	0.99555
662	0.99474
663	0.99517
664	0.99642
665	0.99651
666	0.99408
667	0.9926
668	0.99302
669	0.99376
670	0.99204
671	0.99318
672	0.99558
673	0.99618
674	0.99424
675	0.99192
676	0.98552
677	0.98818
678	0.95609
679	0.55802
680	0.14601
681	0.03311
682	0.0087
683	0.00235
684	0.00068407
685	0.00023299
686	8.6059e-05
687	3.6206e-05
688	1.7228e-05
689	9.4948e-06
690	5.6927e-06
691	3.7133e-06
692	2.6029e-06
693	2.1704e-06
694	1.6102e-06
695	1.1731e-06
696	7.9176e-07
697	3.9643e-07
698	2.556e-07
699	2.0908e-07
700	8.4389e-08
701	3.7514e-08
702	7.5836e-08
703	5.6277e-08
704	1.1384e-08
705	8.6556e-08
706	7.9478e-08
707	5.5931e-08
708	6.2899e-08
709	6.3664e-08
710	8.0111e-08
711	3.2526e-08
712	4.4694e-08
713	4.726e-08
714	3.4455e-08
715	1.0921e-08
716	7.466e-08
717	7.9887e-08
718	4.8727e-08
719	1.0817e-07
720	1.1286e-07
721	3.3418e-08
722	3.7526e-08
723	6.7952e-08
724	6.6022e-08
725	1.1391e-08
726	6.9871e-08
727	5.0798e-08
728	3.5913e-08
729	1.8288e-07
730	7.7485e-07
731	2.8941e-06
732	1.667e-06
733	1.125e-06
734	8.6041e-07
735	4.5578e-07
736	1.9003e-07
737	1.0597e-07
738	6.4582e-08
739	1.2962e-08
740	1.2567e-08
741	1.0273e-07
742	7.1022e-08
743	2.7986e-08
744	1.2594e-07
745	2.9004e-07
746	6.5438e-07
747	1.3864e-06
748	1.3743e-06
749	1.1811e-06
750	1.1816e-06
751	1.0959e-06
752	6.0638e-07
753	3.4487e-07
754	1.4015e-07
755	2.2492e-07
756	9.0821e-08
757	1.424e-07
758	1.9212e-07
759	3.5195e-07
760	6.319e-07
761	1.5143e-06
762	1.5332e-06
763	1.1248e-06
764	1.239e-06
765	1.0915e-06
766	6.1888e-07
767	1.8552e-07
768	3.1601e-08
769	1.021e-07
770	6.019e-08
771	4.4889e-08
772	4.7078e-08
773	5.1543e-08
774	4.7432e-08
775	4.2859e-08
776	6.4297e-08
777	1.0056e-07
778	1.9691e-07
779	3.9094e-07
780	4.9635e-07
781	6.1914e-07
782	4.9902e-07
783	3.8064e-07
784	1.3855e-07
785	4.6749e-08
786	3.1981e-08
787	2.3149e-08
788	1.9457e-08
789	1.6493e-08
790	1.9597e-08
791	2.3555e-08
792	1.7128e-08
793	1.1615e-08
794	8.3529e-09
795	6.0475e-09
796	1.2575e-08
797	2.8695e-08
798	3.2861e-08
799	3.6039e-08
800	1.061e-07
801	3.2446e-07
802	1.4289e-07
803	4.7956e-08
804	3.5074e-08
805	2.8e-08
806	2.8888e-08
807	3.0468e-08
808	3.0179e-08
809	2.9782e-08
810	1.8093e-08
811	1.0811e-08
812	1.5601e-08
813	2.5562e-08
814	2.4514e-08
815	2.2106e-08
816	2.089e-08
817	1.9821e-08
818	2.2371e-08
819	2.551e-08
820	1.7084e-08
821	1.1248e-08
822	1.803e-08
823	3.2742e-08
824	3.0524e-08
825	2.6446e-08
826	2.661e-08
827	2.7098e-08
828	2.489e-08
829	2.2744e-08
830	2.6513e-08
831	3.1076e-08
832	3.0857e-08
833	2.9884e-08
834	2.6669e-08
835	2.3574e-08
836	1.7316e-08
837	1.2519e-08
838	1.1325e-08
839	1.0371e-08
840	1.3404e-08
841	1.7472e-08
842	1.9405e-08
843	2.1055e-08
844	1.9298e-08
845	1.7359e-08
846	2.2284e-08
847	2.942e-08
848	3.0883e-08
849	3.207e-08
850	2.7237e-08
