# Prizmatix LED-UHP-T SR normalized spectral data
# Source_file Prizmatix.csv
# Entry UHP-T-495-SR_Prizmatix
# Peak_wavelength_nm 496
# Dominant_wavelength_nm 498
# FWHM_nm 33
# Total_power_mW 840
Wavelength_nm	Relative_Intensity
200	0
200.5	0
201	0
201.5	0
202	0
202.5	0
203	0
203.5	0
204	0
204.5	0
205	0
205.5	0
206	0
206.5	0
207	0
207.5	0
208	0
208.5	0
209	0
209.5	0
210	0
210.5	0
211	0
211.5	0
212	0
212.5	0
213	0
213.5	0
214	0
214.5	0
215	0
215.5	0
216	0
216.5	0
217	0
217.5	0
218	0
218.5	0
219	0
219.5	0
220	0
220.5	0
221	0
221.5	0
222	0
222.5	0
223	0
223.5	0
224	0
224.5	0
225	0
225.5	0
226	0
226.5	0
227	0
227.5	0
228	0
228.5	0
229	0
229.5	0
230	0
230.5	0
231	0
231.5	0
232	0
232.5	0
233	0
233.5	0
234	0
234.5	0
235	0
235.5	0
236	0
236.5	0
237	0
237.5	0
238	0
238.5	0
239	0
239.5	0
240	0
240.5	0
241	0
241.5	0
242	0
242.5	0
243	0
243.5	0
244	0
244.5	0
245	0
245.5	0
246	0.0063306451612903224
246.5	0.005927419354838709
247	0.006048387096774193
247.5	0.0064516129032258064
248	0.005887096774193548
248.5	0.006411290322580645
249	0.0066935483870967745
249.5	0.007056451612903226
250	0.0061290322580645155
250.5	0.006169354838709677
251	0.004556451612903226
251.5	0.005080645161290322
252	0.006370967741935484
252.5	0.006088709677419354
253	0.0064516129032258064
253.5	0.007137096774193548
254	0.007016129032258064
254.5	0.007580645161290323
255	0.006814516129032258
255.5	0.0067338709677419355
256	0.005524193548387096
256.5	0.0065725806451612905
257	0.006370967741935484
257.5	0.007016129032258064
258	0.0072983870967741945
258.5	0.0066935483870967745
259	0.006895161290322581
259.5	0.0063306451612903224
260	0.0066532258064516125
260.5	0.0066532258064516125
261	0.0067338709677419355
261.5	0.006774193548387097
262	0.0067338709677419355
262.5	0.006774193548387097
263	0.006814516129032258
263.5	0.0068548387096774195
264	0.0068548387096774195
264.5	0.006895161290322581
265	0.006935483870967742
265.5	0.0069758064516129035
266	0.007056451612903226
266.5	0.0070967741935483875
267	0.00717741935483871
267.5	0.00717741935483871
268	0.00717741935483871
268.5	0.007258064516129033
269	0.007338709677419355
269.5	0.007379032258064517
270	0.007379032258064517
270.5	0.007338709677419355
271	0.0072983870967741945
271.5	0.007338709677419355
272	0.007419354838709677
272.5	0.007419354838709677
273	0.007459677419354839
273.5	0.007580645161290323
274	0.007620967741935484
274.5	0.007620967741935484
275	0.007580645161290323
275.5	0.007540322580645161
276	0.007540322580645161
276.5	0.007500000000000001
277	0.007500000000000001
277.5	0.007419354838709677
278	0.007379032258064517
278.5	0.0072983870967741945
279	0.00717741935483871
279.5	0.0070967741935483875
280	0.007056451612903226
280.5	0.007056451612903226
281	0.007016129032258064
281.5	0.0069758064516129035
282	0.006935483870967742
282.5	0.006895161290322581
283	0.0068548387096774195
283.5	0.0068548387096774195
284	0.006895161290322581
284.5	0.006895161290322581
285	0.006895161290322581
285.5	0.006935483870967742
286	0.006895161290322581
286.5	0.006814516129032258
287	0.0067338709677419355
287.5	0.0066532258064516125
288	0.0066532258064516125
288.5	0.0066935483870967745
289	0.006774193548387097
289.5	0.006774193548387097
290	0.006774193548387097
290.5	0.0067338709677419355
291	0.006814516129032258
291.5	0.006814516129032258
292	0.0068548387096774195
292.5	0.0068548387096774195
293	0.0068548387096774195
293.5	0.006895161290322581
294	0.006895161290322581
294.5	0.006895161290322581
295	0.0068548387096774195
295.5	0.0068548387096774195
296	0.0068548387096774195
296.5	0.006814516129032258
297	0.0067338709677419355
297.5	0.0066532258064516125
298	0.0065725806451612905
298.5	0.006491935483870968
299	0.006411290322580645
299.5	0.006411290322580645
300	0.0064516129032258064
300.5	0.0065322580645161285
301	0.006491935483870968
301.5	0.006491935483870968
302	0.006491935483870968
302.5	0.0065725806451612905
303	0.0065725806451612905
303.5	0.0065725806451612905
304	0.0065725806451612905
304.5	0.0066935483870967745
305	0.0067338709677419355
305.5	0.0067338709677419355
306	0.0066935483870967745
306.5	0.0067338709677419355
307	0.0066935483870967745
307.5	0.0066935483870967745
308	0.0067338709677419355
308.5	0.006814516129032258
309	0.006935483870967742
309.5	0.007056451612903226
310	0.007137096774193548
310.5	0.00717741935483871
311	0.007258064516129033
311.5	0.007338709677419355
312	0.007338709677419355
312.5	0.007338709677419355
313	0.007258064516129033
313.5	0.0072983870967741945
314	0.007258064516129033
314.5	0.007258064516129033
315	0.0072983870967741945
315.5	0.0072983870967741945
316	0.007258064516129033
316.5	0.007258064516129033
317	0.007258064516129033
317.5	0.007258064516129033
318	0.007217741935483871
318.5	0.007217741935483871
319	0.007137096774193548
319.5	0.007137096774193548
320	0.007137096774193548
320.5	0.007137096774193548
321	0.007016129032258064
321.5	0.006895161290322581
322	0.006814516129032258
322.5	0.006774193548387097
323	0.0067338709677419355
323.5	0.0066532258064516125
324	0.0066532258064516125
324.5	0.0066935483870967745
325	0.006774193548387097
325.5	0.0068548387096774195
326	0.0068548387096774195
326.5	0.0068548387096774195
327	0.0068548387096774195
327.5	0.006774193548387097
328	0.0067338709677419355
328.5	0.0066935483870967745
329	0.0065725806451612905
329.5	0.0065322580645161285
330	0.0065322580645161285
330.5	0.0065725806451612905
331	0.006612903225806451
331.5	0.0066935483870967745
332	0.0067338709677419355
332.5	0.006814516129032258
333	0.0068548387096774195
333.5	0.006895161290322581
334	0.006935483870967742
334.5	0.0069758064516129035
335	0.007016129032258064
335.5	0.007056451612903226
336	0.0070967741935483875
336.5	0.007056451612903226
337	0.007056451612903226
337.5	0.007056451612903226
338	0.007016129032258064
338.5	0.007056451612903226
339	0.007056451612903226
339.5	0.0070967741935483875
340	0.007137096774193548
340.5	0.007137096774193548
341	0.00717741935483871
341.5	0.007258064516129033
342	0.0072983870967741945
342.5	0.007338709677419355
343	0.007338709677419355
343.5	0.007258064516129033
344	0.00717741935483871
344.5	0.007137096774193548
345	0.00717741935483871
345.5	0.007217741935483871
346	0.007258064516129033
346.5	0.0072983870967741945
347	0.0072983870967741945
347.5	0.0072983870967741945
348	0.0072983870967741945
348.5	0.007338709677419355
349	0.007379032258064517
349.5	0.007379032258064517
350	0.007379032258064517
350.5	0.007338709677419355
351	0.007338709677419355
351.5	0.007338709677419355
352	0.0072983870967741945
352.5	0.007258064516129033
353	0.007258064516129033
353.5	0.007258064516129033
354	0.007217741935483871
354.5	0.00717741935483871
355	0.0070967741935483875
355.5	0.007056451612903226
356	0.0070967741935483875
356.5	0.007137096774193548
357	0.0070967741935483875
357.5	0.007056451612903226
358	0.007016129032258064
358.5	0.0069758064516129035
359	0.006935483870967742
359.5	0.006935483870967742
360	0.006895161290322581
360.5	0.006895161290322581
361	0.006895161290322581
361.5	0.006895161290322581
362	0.0069758064516129035
362.5	0.0069758064516129035
363	0.007016129032258064
363.5	0.007016129032258064
364	0.007016129032258064
364.5	0.007056451612903226
365	0.007056451612903226
365.5	0.007016129032258064
366	0.007056451612903226
366.5	0.007016129032258064
367	0.0069758064516129035
367.5	0.0069758064516129035
368	0.0069758064516129035
368.5	0.006935483870967742
369	0.006895161290322581
369.5	0.006895161290322581
370	0.006935483870967742
370.5	0.0069758064516129035
371	0.007016129032258064
371.5	0.0070967741935483875
372	0.007137096774193548
372.5	0.007137096774193548
373	0.00717741935483871
373.5	0.007217741935483871
374	0.007217741935483871
374.5	0.007258064516129033
375	0.0072983870967741945
375.5	0.0072983870967741945
376	0.007338709677419355
376.5	0.007338709677419355
377	0.007338709677419355
377.5	0.007338709677419355
378	0.007379032258064517
378.5	0.007419354838709677
379	0.007500000000000001
379.5	0.007500000000000001
380	0.007540322580645161
380.5	0.007620967741935484
381	0.007741935483870968
381.5	0.00782258064516129
382	0.00782258064516129
382.5	0.00782258064516129
383	0.00778225806451613
383.5	0.007701612903225807
384	0.007661290322580645
384.5	0.007620967741935484
385	0.007620967741935484
385.5	0.007620967741935484
386	0.007540322580645161
386.5	0.007459677419354839
387	0.007419354838709677
387.5	0.007419354838709677
388	0.007459677419354839
388.5	0.007500000000000001
389	0.007459677419354839
389.5	0.007500000000000001
390	0.007540322580645161
390.5	0.007540322580645161
391	0.007540322580645161
391.5	0.007580645161290323
392	0.007580645161290323
392.5	0.007540322580645161
393	0.007500000000000001
393.5	0.007459677419354839
394	0.007419354838709677
394.5	0.007419354838709677
395	0.007459677419354839
395.5	0.007459677419354839
396	0.007459677419354839
396.5	0.007500000000000001
397	0.007500000000000001
397.5	0.007580645161290323
398	0.007620967741935484
398.5	0.007661290322580645
399	0.007701612903225807
399.5	0.007701612903225807
400	0.007701612903225807
400.5	0.007701612903225807
401	0.007741935483870968
401.5	0.007741935483870968
402	0.007741935483870968
402.5	0.00782258064516129
403	0.00782258064516129
403.5	0.007862903225806451
404	0.00782258064516129
404.5	0.00782258064516129
405	0.007862903225806451
405.5	0.00782258064516129
406	0.00782258064516129
406.5	0.00782258064516129
407	0.00778225806451613
407.5	0.00778225806451613
408	0.00778225806451613
408.5	0.007741935483870968
409	0.007741935483870968
409.5	0.007741935483870968
410	0.007741935483870968
410.5	0.00778225806451613
411	0.007862903225806451
411.5	0.007943548387096775
412	0.007983870967741936
412.5	0.008024193548387097
413	0.008064516129032258
413.5	0.008185483870967743
414	0.008225806451612902
414.5	0.008306451612903226
415	0.008387096774193548
415.5	0.008427419354838709
416	0.008508064516129033
416.5	0.008669354838709677
417	0.008749999999999999
417.5	0.008830645161290321
418	0.008870967741935484
418.5	0.008911290322580645
419	0.008951612903225806
419.5	0.009032258064516128
420	0.009112903225806452
420.5	0.009193548387096774
421	0.009233870967741935
421.5	0.009274193548387096
422	0.009314516129032259
422.5	0.009395161290322581
423	0.009435483870967742
423.5	0.009475806451612903
424	0.009475806451612903
424.5	0.009516129032258066
425	0.009556451612903225
425.5	0.009596774193548388
426	0.009637096774193547
426.5	0.009637096774193547
427	0.00967741935483871
427.5	0.009717741935483871
428	0.009717741935483871
428.5	0.00967741935483871
429	0.00967741935483871
429.5	0.009717741935483871
430	0.009798387096774193
430.5	0.009879032258064515
431	0.01
431.5	0.010120967741935485
432	0.010241935483870966
432.5	0.01032258064516129
433	0.010443548387096773
433.5	0.01060483870967742
434	0.010725806451612904
434.5	0.010846774193548387
435	0.01092741935483871
435.5	0.011008064516129033
436	0.011129032258064516
436.5	0.01129032258064516
437	0.011451612903225807
437.5	0.01153225806451613
438	0.011653225806451612
438.5	0.011854838709677419
439	0.012056451612903226
439.5	0.012298387096774194
440	0.012580645161290323
440.5	0.01282258064516129
441	0.01310483870967742
441.5	0.013427419354838708
442	0.01375
442.5	0.01407258064516129
443	0.01435483870967742
443.5	0.01467741935483871
444	0.015000000000000001
444.5	0.015403225806451613
445	0.015766129032258065
445.5	0.016129032258064516
446	0.016572580645161292
446.5	0.017016129032258066
447	0.017499999999999998
447.5	0.018064516129032256
448	0.018588709677419355
448.5	0.019193548387096776
449	0.01991935483870968
449.5	0.020725806451612903
450	0.021532258064516127
450.5	0.022379032258064518
451	0.023225806451612905
451.5	0.02415322580645161
452	0.025120967741935483
452.5	0.02620967741935484
453	0.027338709677419352
453.5	0.02854838709677419
454	0.029798387096774195
454.5	0.031169354838709678
455	0.032661290322580645
455.5	0.034274193548387094
456	0.03600806451612903
456.5	0.03782258064516129
457	0.03975806451612903
457.5	0.041935483870967745
458	0.04395161290322581
458.5	0.046370967741935484
459	0.049193548387096775
459.5	0.052016129032258066
460	0.05524193548387097
460.5	0.05887096774193548
461	0.0625
461.5	0.06612903225806452
462	0.07016129032258064
462.5	0.07459677419354839
463	0.07943548387096774
463.5	0.0846774193548387
464	0.08991935483870968
464.5	0.09556451612903226
465	0.10201612903225807
465.5	0.10887096774193548
466	0.1157258064516129
466.5	0.12338709677419354
467	0.1314516129032258
467.5	0.13951612903225807
468	0.14838709677419354
468.5	0.15766129032258064
469	0.16733870967741934
469.5	0.1774193548387097
470	0.18830645161290321
470.5	0.19919354838709677
471	0.21088709677419354
471.5	0.22258064516129034
472	0.23508064516129032
472.5	0.24838709677419354
473	0.2620967741935484
473.5	0.2762096774193548
474	0.2911290322580645
474.5	0.3064516129032258
475	0.32217741935483873
475.5	0.3387096774193548
476	0.35524193548387095
476.5	0.3721774193548387
477	0.38991935483870965
477.5	0.40725806451612906
478	0.4274193548387097
478.5	0.4435483870967742
479	0.4637096774193548
479.5	0.4838709677419355
480	0.5040322580645161
480.5	0.5241935483870968
481	0.5443548387096774
481.5	0.5645161290322581
482	0.5846774193548387
482.5	0.6088709677419355
483	0.6290322580645161
483.5	0.6532258064516129
484	0.6733870967741935
484.5	0.6935483870967742
485	0.7137096774193549
485.5	0.7379032258064516
486	0.7580645161290323
486.5	0.7782258064516129
487	0.7983870967741935
487.5	0.8145161290322581
488	0.8346774193548387
488.5	0.8548387096774194
489	0.8709677419354839
489.5	0.8870967741935484
490	0.9032258064516129
490.5	0.9153225806451613
491	0.9314516129032258
491.5	0.9435483870967742
492	0.9556451612903226
492.5	0.9637096774193549
493	0.9758064516129032
493.5	0.9838709677419355
494	0.9879032258064516
494.5	0.9919354838709677
495	0.9959677419354839
495.5	1
496	1
496.5	0.9959677419354839
497	0.9959677419354839
497.5	0.9919354838709677
498	0.9879032258064516
498.5	0.9798387096774194
499	0.9717741935483871
499.5	0.9637096774193549
500	0.9516129032258065
500.5	0.9395161290322581
501	0.9274193548387096
501.5	0.9153225806451613
502	0.8991935483870968
502.5	0.8830645161290323
503	0.8669354838709677
503.5	0.8508064516129032
504	0.8306451612903226
504.5	0.8104838709677419
505	0.7943548387096774
505.5	0.7741935483870968
506	0.7540322580645161
506.5	0.7338709677419355
507	0.7137096774193549
507.5	0.6935483870967742
508	0.6733870967741935
508.5	0.6532258064516129
509	0.6330645161290323
509.5	0.6129032258064516
510	0.592741935483871
510.5	0.5725806451612904
511	0.5564516129032258
511.5	0.5362903225806451
512	0.5161290322580645
512.5	0.5
513	0.4838709677419355
513.5	0.4637096774193548
514	0.4475806451612903
514.5	0.4314516129032258
515	0.41935483870967744
515.5	0.40241935483870966
516	0.3879032258064516
516.5	0.37379032258064515
517	0.36008064516129035
517.5	0.3467741935483871
518	0.3338709677419355
518.5	0.3209677419354839
519	0.3088709677419355
519.5	0.2971774193548387
520	0.28588709677419355
520.5	0.275
521	0.2645161290322581
521.5	0.25483870967741934
522	0.24475806451612903
522.5	0.23548387096774193
523	0.22661290322580646
523.5	0.21814516129032258
524	0.20967741935483872
524.5	0.20201612903225807
525	0.19435483870967743
525.5	0.1870967741935484
526	0.17983870967741936
526.5	0.17298387096774193
527	0.16653225806451613
527.5	0.16048387096774194
528	0.15443548387096775
528.5	0.14879032258064517
529	0.1431451612903226
529.5	0.13790322580645162
530	0.13306451612903225
530.5	0.12862903225806452
531	0.12379032258064517
531.5	0.11975806451612903
532	0.1153225806451613
532.5	0.11129032258064517
533	0.10766129032258065
533.5	0.10403225806451613
534	0.10080645161290322
534.5	0.09717741935483871
535	0.0939516129032258
535.5	0.09112903225806451
536	0.08790322580645162
536.5	0.08508064516129032
537	0.08225806451612903
537.5	0.07943548387096774
538	0.07701612903225806
538.5	0.07459677419354839
539	0.0721774193548387
539.5	0.06975806451612904
540	0.06774193548387097
540.5	0.06532258064516129
541	0.06370967741935483
541.5	0.06169354838709677
542	0.05967741935483871
542.5	0.05766129032258065
543	0.05604838709677419
543.5	0.05443548387096774
544	0.05282258064516129
544.5	0.05120967741935484
545	0.04959677419354839
545.5	0.04798387096774193
546	0.046370967741935484
546.5	0.04516129032258064
547	0.043548387096774194
547.5	0.04233870967741935
548	0.04112903225806452
548.5	0.039959677419354835
549	0.03879032258064516
549.5	0.03778225806451613
550	0.036774193548387096
550.5	0.0357258064516129
551	0.03471774193548387
551.5	0.03366935483870968
552	0.032701612903225805
552.5	0.03173387096774194
553	0.030846774193548386
553.5	0.030000000000000002
554	0.029112903225806452
554.5	0.028225806451612902
555	0.02737903225806452
555.5	0.026693548387096776
556	0.026008064516129033
556.5	0.025403225806451612
557	0.02471774193548387
557.5	0.02403225806451613
558	0.023346774193548386
558.5	0.022741935483870965
559	0.02217741935483871
559.5	0.021612903225806453
560	0.021008064516129032
560.5	0.02036290322580645
561	0.019798387096774193
561.5	0.019233870967741935
562	0.018669354838709677
562.5	0.018145161290322582
563	0.017661290322580642
563.5	0.017217741935483873
564	0.016774193548387096
564.5	0.016330645161290323
565	0.01596774193548387
565.5	0.015685483870967742
566	0.015362903225806452
566.5	0.01504032258064516
567	0.01467741935483871
567.5	0.014274193548387095
568	0.013991935483870968
568.5	0.013709677419354839
569	0.013467741935483871
569.5	0.013266129032258064
570	0.013064516129032257
570.5	0.012862903225806452
571	0.012661290322580645
571.5	0.012419354838709677
572	0.012298387096774194
572.5	0.012177419354838709
573	0.012056451612903226
573.5	0.012016129032258065
574	0.011854838709677419
574.5	0.011733870967741936
575	0.011653225806451612
575.5	0.01157258064516129
576	0.011451612903225807
576.5	0.011330645161290323
577	0.01125
577.5	0.011169354838709677
578	0.011048387096774193
578.5	0.011008064516129033
579	0.01096774193548387
579.5	0.010887096774193548
580	0.010806451612903226
580.5	0.010725806451612904
581	0.010685483870967741
581.5	0.01064516129032258
582	0.01060483870967742
582.5	0.010524193548387097
583	0.010403225806451612
583.5	0.010241935483870966
584	0.010080645161290322
584.5	0.01
585	0.01
585.5	0.00995967741935484
586	0.009879032258064515
586.5	0.009838709677419354
587	0.009758064516129032
587.5	0.00967741935483871
588	0.009637096774193547
588.5	0.009637096774193547
589	0.009435483870967742
589.5	0.009274193548387096
590	0.009112903225806452
590.5	0.008991935483870969
591	0.008911290322580645
591.5	0.008830645161290321
592	0.008790322580645162
592.5	0.00870967741935484
593	0.008629032258064516
593.5	0.008669354838709677
594	0.008669354838709677
594.5	0.008669354838709677
595	0.008588709677419355
595.5	0.008467741935483872
596	0.008306451612903226
596.5	0.008225806451612902
597	0.008185483870967743
597.5	0.00814516129032258
598	0.00814516129032258
598.5	0.00810483870967742
599	0.00814516129032258
599.5	0.008225806451612902
600	0.008266129032258065
600.5	0.008266129032258065
601	0.008225806451612902
601.5	0.008225806451612902
602	0.008225806451612902
602.5	0.008185483870967743
603	0.00814516129032258
603.5	0.008064516129032258
604	0.008024193548387097
604.5	0.007983870967741936
605	0.007983870967741936
605.5	0.007943548387096775
606	0.007943548387096775
606.5	0.008024193548387097
607	0.008024193548387097
607.5	0.007983870967741936
608	0.007943548387096775
608.5	0.007862903225806451
609	0.00782258064516129
609.5	0.00778225806451613
610	0.00778225806451613
610.5	0.00782258064516129
611	0.007903225806451614
611.5	0.007903225806451614
612	0.00782258064516129
612.5	0.00778225806451613
613	0.00778225806451613
613.5	0.007862903225806451
614	0.007943548387096775
614.5	0.007943548387096775
615	0.007903225806451614
615.5	0.007943548387096775
616	0.008024193548387097
616.5	0.00810483870967742
617	0.00810483870967742
617.5	0.008064516129032258
618	0.008024193548387097
618.5	0.007943548387096775
619	0.007903225806451614
619.5	0.00782258064516129
620	0.007741935483870968
620.5	0.007620967741935484
621	0.007500000000000001
621.5	0.007379032258064517
622	0.007379032258064517
622.5	0.007459677419354839
623	0.007459677419354839
623.5	0.007459677419354839
624	0.007379032258064517
624.5	0.0072983870967741945
625	0.0072983870967741945
625.5	0.0072983870967741945
626	0.007258064516129033
626.5	0.0070967741935483875
627	0.006935483870967742
627.5	0.0068548387096774195
628	0.0068548387096774195
628.5	0.006814516129032258
629	0.0068548387096774195
629.5	0.006895161290322581
630	0.006895161290322581
630.5	0.006935483870967742
631	0.0069758064516129035
631.5	0.0069758064516129035
632	0.0069758064516129035
632.5	0.006935483870967742
633	0.006895161290322581
633.5	0.006895161290322581
634	0.0068548387096774195
634.5	0.006814516129032258
635	0.0067338709677419355
635.5	0.0066532258064516125
636	0.006612903225806451
636.5	0.006612903225806451
637	0.0066935483870967745
637.5	0.0067338709677419355
638	0.0067338709677419355
638.5	0.006814516129032258
639	0.0068548387096774195
639.5	0.006935483870967742
640	0.0069758064516129035
640.5	0.007056451612903226
641	0.007137096774193548
641.5	0.007217741935483871
642	0.007338709677419355
642.5	0.007379032258064517
643	0.007459677419354839
643.5	0.007540322580645161
644	0.007580645161290323
644.5	0.007661290322580645
645	0.007701612903225807
645.5	0.00778225806451613
646	0.00782258064516129
646.5	0.007903225806451614
647	0.007943548387096775
647.5	0.007903225806451614
648	0.007862903225806451
648.5	0.00782258064516129
649	0.00782258064516129
649.5	0.00778225806451613
650	0.00778225806451613
650.5	0.007701612903225807
651	0.007620967741935484
651.5	0.007580645161290323
652	0.007500000000000001
652.5	0.007379032258064517
653	0.007258064516129033
653.5	0.0070967741935483875
654	0.0069758064516129035
654.5	0.006935483870967742
655	0.006895161290322581
655.5	0.006814516129032258
656	0.006774193548387097
656.5	0.0066532258064516125
657	0.0065725806451612905
657.5	0.006612903225806451
658	0.0066532258064516125
658.5	0.0066532258064516125
659	0.006612903225806451
659.5	0.0065725806451612905
660	0.006491935483870968
660.5	0.006411290322580645
661	0.006290322580645161
661.5	0.006290322580645161
662	0.006290322580645161
662.5	0.006370967741935484
663	0.0064516129032258064
663.5	0.006491935483870968
664	0.0065322580645161285
664.5	0.006491935483870968
665	0.0065322580645161285
665.5	0.0065725806451612905
666	0.006612903225806451
666.5	0.006612903225806451
667	0.0066935483870967745
667.5	0.0066935483870967745
668	0.0066532258064516125
668.5	0.006612903225806451
669	0.0065725806451612905
669.5	0.006612903225806451
670	0.0066532258064516125
670.5	0.006814516129032258
671	0.006935483870967742
671.5	0.006935483870967742
672	0.0068548387096774195
672.5	0.006814516129032258
673	0.006774193548387097
673.5	0.006774193548387097
674	0.006814516129032258
674.5	0.0068548387096774195
675	0.006895161290322581
675.5	0.006895161290322581
676	0.006935483870967742
676.5	0.0069758064516129035
677	0.006935483870967742
677.5	0.0068548387096774195
678	0.006895161290322581
678.5	0.006895161290322581
679	0.006935483870967742
679.5	0.0069758064516129035
680	0.006895161290322581
680.5	0.006774193548387097
681	0.0066935483870967745
681.5	0.006612903225806451
682	0.006612903225806451
682.5	0.006612903225806451
683	0.0066532258064516125
683.5	0.006612903225806451
684	0.0065725806451612905
684.5	0.0065322580645161285
685	0.0064516129032258064
685.5	0.006370967741935484
686	0.006290322580645161
686.5	0.00625
687	0.00625
687.5	0.00625
688	0.00625
688.5	0.006209677419354838
689	0.0061290322580645155
689.5	0.0061290322580645155
690	0.0061290322580645155
690.5	0.006209677419354838
691	0.006290322580645161
691.5	0.0063306451612903224
692	0.0063306451612903224
692.5	0.006411290322580645
693	0.006491935483870968
693.5	0.0064516129032258064
694	0.006411290322580645
694.5	0.006411290322580645
695	0.006411290322580645
695.5	0.0064516129032258064
696	0.0064516129032258064
696.5	0.006411290322580645
697	0.0064516129032258064
697.5	0.0064516129032258064
698	0.0064516129032258064
698.5	0.0064516129032258064
699	0.006411290322580645
699.5	0.006491935483870968
700	0.0065322580645161285
700.5	0.006491935483870968
701	0.0065322580645161285
701.5	0.0065322580645161285
702	0.0065322580645161285
702.5	0.006411290322580645
703	0.006411290322580645
703.5	0.0064516129032258064
704	0.006491935483870968
704.5	0.006612903225806451
705	0.0066935483870967745
705.5	0.006774193548387097
706	0.006895161290322581
706.5	0.006935483870967742
707	0.006935483870967742
707.5	0.007016129032258064
708	0.007056451612903226
708.5	0.007056451612903226
709	0.007016129032258064
709.5	0.0069758064516129035
710	0.006935483870967742
710.5	0.006935483870967742
711	0.006895161290322581
711.5	0.0068548387096774195
712	0.006895161290322581
712.5	0.006935483870967742
713	0.006895161290322581
713.5	0.006814516129032258
714	0.006774193548387097
714.5	0.0066532258064516125
715	0.0065725806451612905
715.5	0.0064516129032258064
716	0.0064516129032258064
716.5	0.006411290322580645
717	0.0064516129032258064
717.5	0.006411290322580645
718	0.006370967741935484
718.5	0.006290322580645161
719	0.00625
719.5	0.006290322580645161
720	0.006290322580645161
720.5	0.006209677419354838
721	0.006169354838709677
721.5	0.0061290322580645155
722	0.006088709677419354
722.5	0.0061290322580645155
723	0.006169354838709677
723.5	0.006169354838709677
724	0.006169354838709677
724.5	0.00625
725	0.006290322580645161
725.5	0.006370967741935484
726	0.006370967741935484
726.5	0.006370967741935484
727	0.006411290322580645
727.5	0.006491935483870968
728	0.006612903225806451
728.5	0.0066532258064516125
729	0.006612903225806451
729.5	0.0065725806451612905
730	0.006612903225806451
730.5	0.0066935483870967745
731	0.0067338709677419355
731.5	0.006774193548387097
732	0.006774193548387097
732.5	0.0067338709677419355
733	0.0067338709677419355
733.5	0.0067338709677419355
734	0.006774193548387097
734.5	0.0067338709677419355
735	0.0066532258064516125
735.5	0.0065322580645161285
736	0.0064516129032258064
736.5	0.0064516129032258064
737	0.0064516129032258064
737.5	0.0064516129032258064
738	0.0064516129032258064
738.5	0.0064516129032258064
739	0.006491935483870968
739.5	0.0064516129032258064
740	0.0064516129032258064
740.5	0.0063306451612903224
741	0.006290322580645161
741.5	0.006290322580645161
742	0.00625
742.5	0.006209677419354838
743	0.006209677419354838
743.5	0.0061290322580645155
744	0.006088709677419354
744.5	0.006169354838709677
745	0.00625
745.5	0.006290322580645161
746	0.00625
746.5	0.006169354838709677
747	0.006088709677419354
747.5	0.006048387096774193
748	0.005967741935483871
748.5	0.006008064516129032
749	0.006048387096774193
749.5	0.006088709677419354
750	0.0061290322580645155
750.5	0.006209677419354838
751	0.006209677419354838
751.5	0.006290322580645161
752	0.0063306451612903224
752.5	0.006411290322580645
753	0.0065322580645161285
753.5	0.0065725806451612905
754	0.0065725806451612905
754.5	0.0065322580645161285
755	0.0065725806451612905
755.5	0.0066935483870967745
756	0.006895161290322581
756.5	0.007016129032258064
757	0.007137096774193548
757.5	0.007217741935483871
758	0.007258064516129033
758.5	0.0072983870967741945
759	0.007338709677419355
759.5	0.007258064516129033
760	0.0072983870967741945
760.5	0.007258064516129033
761	0.007217741935483871
761.5	0.007217741935483871
762	0.00717741935483871
762.5	0.007137096774193548
763	0.0070967741935483875
763.5	0.007016129032258064
764	0.006935483870967742
764.5	0.0068548387096774195
765	0.0067338709677419355
765.5	0.006612903225806451
766	0.0065725806451612905
766.5	0.006491935483870968
767	0.006411290322580645
767.5	0.006370967741935484
768	0.006370967741935484
768.5	0.006411290322580645
769	0.006411290322580645
769.5	0.0064516129032258064
770	0.0065322580645161285
770.5	0.006491935483870968
771	0.0065322580645161285
771.5	0.0065725806451612905
772	0.006612903225806451
772.5	0.0067338709677419355
773	0.006774193548387097
773.5	0.006774193548387097
774	0.0068548387096774195
774.5	0.006895161290322581
775	0.0068548387096774195
775.5	0.006814516129032258
776	0.006774193548387097
776.5	0.006774193548387097
777	0.0067338709677419355
777.5	0.0067338709677419355
778	0.006814516129032258
778.5	0.006814516129032258
779	0.0067338709677419355
779.5	0.006774193548387097
780	0.0067338709677419355
780.5	0.0067338709677419355
781	0.0066532258064516125
781.5	0.0066532258064516125
782	0.0066935483870967745
782.5	0.0067338709677419355
783	0.0066532258064516125
783.5	0.0066532258064516125
784	0.0066935483870967745
784.5	0.0067338709677419355
785	0.006814516129032258
785.5	0.006935483870967742
786	0.007016129032258064
786.5	0.007016129032258064
787	0.006935483870967742
787.5	0.006935483870967742
788	0.0069758064516129035
788.5	0.0070967741935483875
789	0.007137096774193548
789.5	0.0070967741935483875
790	0.007016129032258064
790.5	0.0069758064516129035
791	0.006935483870967742
791.5	0.007016129032258064
792	0.0070967741935483875
792.5	0.007217741935483871
793	0.007217741935483871
793.5	0.007258064516129033
794	0.007258064516129033
794.5	0.00717741935483871
795	0.0070967741935483875
795.5	0.007137096774193548
796	0.007056451612903226
796.5	0.0069758064516129035
797	0.006814516129032258
797.5	0.006774193548387097
798	0.006814516129032258
798.5	0.0068548387096774195
799	0.006895161290322581
799.5	0.0069758064516129035
800	0.0068548387096774195
800.5	0.006774193548387097
801	0.006612903225806451
801.5	0.0065725806451612905
802	0.006491935483870968
802.5	0.006370967741935484
803	0.006290322580645161
803.5	0.006209677419354838
804	0.006209677419354838
804.5	0.00625
805	0.0063306451612903224
805.5	0.006411290322580645
806	0.006411290322580645
806.5	0.0064516129032258064
807	0.0065725806451612905
807.5	0.0066532258064516125
808	0.0066935483870967745
808.5	0.006774193548387097
809	0.006895161290322581
809.5	0.006895161290322581
810	0.0068548387096774195
810.5	0.0068548387096774195
811	0.0069758064516129035
811.5	0.007137096774193548
812	0.00717741935483871
812.5	0.007217741935483871
813	0.007217741935483871
813.5	0.0072983870967741945
814	0.007258064516129033
814.5	0.00717741935483871
815	0.007137096774193548
815.5	0.0070967741935483875
816	0.007056451612903226
816.5	0.006935483870967742
817	0.006814516129032258
817.5	0.0067338709677419355
818	0.0067338709677419355
818.5	0.006774193548387097
819	0.0066935483870967745
819.5	0.006491935483870968
820	0.006411290322580645
820.5	0.006411290322580645
821	0.006491935483870968
821.5	0.0065725806451612905
822	0.0065322580645161285
822.5	0.006491935483870968
823	0.0065322580645161285
823.5	0.006491935483870968
824	0.006370967741935484
824.5	0.006209677419354838
825	0.006209677419354838
825.5	0.00625
826	0.006209677419354838
826.5	0.006209677419354838
827	0.00625
827.5	0.0063306451612903224
828	0.0064516129032258064
828.5	0.006491935483870968
829	0.0065322580645161285
829.5	0.0064516129032258064
830	0.00625
830.5	0.006169354838709677
831	0.006169354838709677
831.5	0.006169354838709677
832	0.006290322580645161
832.5	0.0064516129032258064
833	0.0065322580645161285
833.5	0.0065322580645161285
834	0.0065322580645161285
834.5	0.0066532258064516125
835	0.0067338709677419355
835.5	0.0068548387096774195
836	0.0069758064516129035
836.5	0.007056451612903226
837	0.007016129032258064
837.5	0.006935483870967742
838	0.007016129032258064
838.5	0.007217741935483871
839	0.007338709677419355
839.5	0.007338709677419355
840	0.0072983870967741945
840.5	0.007217741935483871
841	0.00717741935483871
841.5	0.007217741935483871
842	0.007217741935483871
842.5	0.00717741935483871
843	0.007137096774193548
843.5	0.007056451612903226
844	0.007016129032258064
844.5	0.0069758064516129035
845	0.0069758064516129035
845.5	0.007016129032258064
846	0.007016129032258064
846.5	0.0068548387096774195
847	0.0066532258064516125
847.5	0.006612903225806451
848	0.006612903225806451
848.5	0.006612903225806451
849	0.0065322580645161285
849.5	0.0064516129032258064
850	0.0064516129032258064
850.5	0.006411290322580645
851	0.0064516129032258064
851.5	0.006411290322580645
852	0.0063306451612903224
852.5	0.00625
853	0.00625
853.5	0.00625
854	0.00625
854.5	0.006290322580645161
855	0.0063306451612903224
855.5	0.006370967741935484
856	0.006491935483870968
856.5	0.006612903225806451
857	0.006774193548387097
857.5	0.0068548387096774195
858	0.006895161290322581
858.5	0.006935483870967742
859	0.0069758064516129035
859.5	0.007056451612903226
860	0.0070967741935483875
860.5	0.00717741935483871
861	0.007217741935483871
861.5	0.00717741935483871
862	0.007137096774193548
862.5	0.00717741935483871
863	0.007258064516129033
863.5	0.00717741935483871
864	0.0070967741935483875
864.5	0.007016129032258064
865	0.006935483870967742
865.5	0.006895161290322581
866	0.006774193548387097
866.5	0.0066935483870967745
867	0.006612903225806451
867.5	0.0065322580645161285
868	0.006491935483870968
868.5	0.006411290322580645
869	0.0063306451612903224
869.5	0.006290322580645161
870	0.006290322580645161
870.5	0.00625
871	0.006290322580645161
871.5	0.0063306451612903224
872	0.00625
872.5	0.00625
873	0.00625
873.5	0.00625
874	0.006370967741935484
874.5	0.0064516129032258064
875	0.0064516129032258064
875.5	0.0065322580645161285
876	0.006612903225806451
876.5	0.0067338709677419355
877	0.006814516129032258
877.5	0.006895161290322581
878	0.006935483870967742
878.5	0.006935483870967742
879	0.007056451612903226
879.5	0.007217741935483871
880	0.007379032258064517
880.5	0.007459677419354839
881	0.007500000000000001
881.5	0.007540322580645161
882	0.007459677419354839
882.5	0.007258064516129033
883	0.008669354838709677
883.5	0.007258064516129033
884	0.007419354838709677
884.5	0.007661290322580645
885	0.007500000000000001
885.5	0.009879032258064515
886	0.01
886.5	0.007500000000000001
887	0
887.5	0
888	0
888.5	0
889	0
889.5	0
890	0
890.5	0
891	0
891.5	0
892	0
892.5	0
893	0
893.5	0
894	0
894.5	0
895	0
895.5	0
896	0
896.5	0
897	0
897.5	0
898	0
898.5	0
899	0
899.5	0
900	0
900.5	0
901	0
901.5	0
902	0
902.5	0
903	0
903.5	0
904	0
904.5	0
905	0
905.5	0
906	0
906.5	0
907	0
907.5	0
908	0
908.5	0
909	0
909.5	0
910	0
910.5	0
911	0
911.5	0
912	0
912.5	0
913	0
913.5	0
914	0
914.5	0
915	0
915.5	0
916	0
916.5	0
917	0
917.5	0
918	0
918.5	0
919	0
919.5	0
920	0
920.5	0
921	0
921.5	0
922	0
922.5	0
923	0
923.5	0
924	0
924.5	0
925	0
925.5	0
926	0
926.5	0
927	0
927.5	0
928	0
928.5	0
929	0
929.5	0
930	0
930.5	0
931	0
931.5	0
932	0
932.5	0
933	0
933.5	0
934	0
934.5	0
935	0
935.5	0
936	0
936.5	0
937	0
937.5	0
938	0
938.5	0
939	0
939.5	0
940	0
940.5	0
941	0
941.5	0
942	0
942.5	0
943	0
943.5	0
944	0
944.5	0
945	0
945.5	0
946	0
946.5	0
947	0
947.5	0
948	0
948.5	0
949	0
949.5	0
950	0
950.5	0
951	0
951.5	0
952	0
952.5	0
953	0
953.5	0
954	0
954.5	0
955	0
955.5	0
956	0
956.5	0
957	0
957.5	0
958	0
958.5	0
959	0
959.5	0
960	0
960.5	0
961	0
961.5	0
962	0
962.5	0
963	0
963.5	0
964	0
964.5	0
965	0
965.5	0
966	0
966.5	0
967	0
967.5	0
968	0
968.5	0
969	0
969.5	0
970	0
970.5	0
971	0
971.5	0
972	0
972.5	0
973	0
973.5	0
974	0
974.5	0
975	0
975.5	0
976	0
976.5	0
977	0
977.5	0
978	0
978.5	0
979	0
979.5	0
980	0
980.5	0
981	0
981.5	0
982	0
982.5	0
983	0
983.5	0
984	0
984.5	0
985	0
985.5	0
986	0
986.5	0
987	0
987.5	0
988	0
988.5	0
989	0
989.5	0
990	0
990.5	0
991	0
991.5	0
992	0
992.5	0
993	0
993.5	0
994	0
994.5	0
995	0
995.5	0
996	0
996.5	0
997	0
997.5	0
998	0
998.5	0
999	0
999.5	0
1000	0
1000.5	0
1001	0
1001.5	0
1002	0
1002.5	0
1003	0
1003.5	0
1004	0
1004.5	0
1005	0
1005.5	0
1006	0
1006.5	0
1007	0
1007.5	0
1008	0
1008.5	0
1009	0
1009.5	0
1010	0
1010.5	0
1011	0
1011.5	0
1012	0
1012.5	0
1013	0
1013.5	0
1014	0
1014.5	0
1015	0
1015.5	0
1016	0
1016.5	0
1017	0
1017.5	0
1018	0
1018.5	0
1019	0
1019.5	0
1020	0
1020.5	0
1021	0
1021.5	0
1022	0
1022.5	0
1023	0
1023.5	0
1024	0
1024.5	0
1025	0
1025.5	0
1026	0
1026.5	0
1027	0
1027.5	0
1028	0
1028.5	0
1029	0
1029.5	0
1030	0
1030.5	0
1031	0
1031.5	0
1032	0
1032.5	0
1033	0
1033.5	0
1034	0
1034.5	0
1035	0
1035.5	0
1036	0
1036.5	0
1037	0
1037.5	0
1038	0
1038.5	0
1039	0
1039.5	0
1040	0
1040.5	0
1041	0
1041.5	0
1042	0
1042.5	0
1043	0
1043.5	0
1044	0
1044.5	0
1045	0
1045.5	0
1046	0
1046.5	0
1047	0
1047.5	0
1048	0
1048.5	0
1049	0
1049.5	0
1050	0
1050.5	0
1051	0
1051.5	0
1052	0
1052.5	0
1053	0
1053.5	0
1054	0
1054.5	0
1055	0
1055.5	0
1056	0
1056.5	0
1057	0
1057.5	0
1058	0
1058.5	0
1059	0
1059.5	0
1060	0
1060.5	0
1061	0
1061.5	0
1062	0
1062.5	0
1063	0
1063.5	0
1064	0
1064.5	0
1065	0
1065.5	0
1066	0
1066.5	0
1067	0
1067.5	0
1068	0
1068.5	0
1069	0
1069.5	0
1070	0
1070.5	0
1071	0
1071.5	0
1072	0
1072.5	0
1073	0
1073.5	0
1074	0
1074.5	0
1075	0
1075.5	0
1076	0
1076.5	0
1077	0
1077.5	0
1078	0
1078.5	0
1079	0
1079.5	0
1080	0
1080.5	0
1081	0
1081.5	0
1082	0
1082.5	0
1083	0
1083.5	0
1084	0
1084.5	0
1085	0
1085.5	0
1086	0
1086.5	0
1087	0
1087.5	0
1088	0
1088.5	0
1089	0
1089.5	0
1090	0
1090.5	0
1091	0
1091.5	0
1092	0
1092.5	0
1093	0
1093.5	0
1094	0
1094.5	0
1095	0
1095.5	0
1096	0
1096.5	0
1097	0
1097.5	0
1098	0
1098.5	0
1099	0
1099.5	0
1100	0
1100.5	0
1101	0
1101.5	0
1102	0
1102.5	0
1103	0
1103.5	0
1104	0
1104.5	0
1105	0
1105.5	0
1106	0
1106.5	0
1107	0
1107.5	0
1108	0
1108.5	0
1109	0
1109.5	0
1110	0
1110.5	0
1111	0
1111.5	0
1112	0
1112.5	0
1113	0
1113.5	0
1114	0
1114.5	0
1115	0
1115.5	0
1116	0
1116.5	0
1117	0
1117.5	0
1118	0
1118.5	0
1119	0
1119.5	0
1120	0
1120.5	0
1121	0
1121.5	0
1122	0
1122.5	0
1123	0
1123.5	0
1124	0
1124.5	0
1125	0
1125.5	0
1126	0
1126.5	0
1127	0
1127.5	0
1128	0
1128.5	0
1129	0
1129.5	0
1130	0
1130.5	0
1131	0
1131.5	0
1132	0
1132.5	0
1133	0
1133.5	0
1134	0
1134.5	0
1135	0
1135.5	0
1136	0
1136.5	0
1137	0
1137.5	0
1138	0
1138.5	0
1139	0
1139.5	0
1140	0
1140.5	0
1141	0
1141.5	0
1142	0
1142.5	0
1143	0
1143.5	0
1144	0
1144.5	0
1145	0
1145.5	0
1146	0
1146.5	0
1147	0
1147.5	0
1148	0
1148.5	0
1149	0
1149.5	0
1150	0
1150.5	0
1151	0
1151.5	0
1152	0
1152.5	0
1153	0
1153.5	0
1154	0
1154.5	0
1155	0
1155.5	0
1156	0
1156.5	0
1157	0
1157.5	0
1158	0
1158.5	0
1159	0
1159.5	0
1160	0
1160.5	0
1161	0
1161.5	0
1162	0
1162.5	0
1163	0
1163.5	0
1164	0
1164.5	0
1165	0
1165.5	0
1166	0
1166.5	0
1167	0
1167.5	0
1168	0
1168.5	0
1169	0
1169.5	0
1170	0
1170.5	0
1171	0
1171.5	0
1172	0
1172.5	0
1173	0
1173.5	0
1174	0
1174.5	0
1175	0
1175.5	0
1176	0
1176.5	0
1177	0
1177.5	0
1178	0
1178.5	0
1179	0
1179.5	0
1180	0
1180.5	0
1181	0
1181.5	0
1182	0
1182.5	0
1183	0
1183.5	0
1184	0
1184.5	0
1185	0
1185.5	0
1186	0
1186.5	0
1187	0
1187.5	0
1188	0
1188.5	0
1189	0
1189.5	0
1190	0
1190.5	0
1191	0
1191.5	0
1192	0
1192.5	0
1193	0
1193.5	0
1194	0
1194.5	0
1195	0
1195.5	0
1196	0
1196.5	0
1197	0
1197.5	0
1198	0
1198.5	0
1199	0
1199.5	0
