# Prizmatix LED-UHP-T SR normalized spectral data
# Source_file Prizmatix.csv
# Entry UHP-T-545-SR_Prizmatix
# Peak_wavelength_nm 544
# Dominant_wavelength_nm 540
# FWHM_nm 100
# Total_power_mW 1600
Wavelength_nm	Relative_Intensity
200	0
200.5	0
201	0
201.5	0
202	0
202.5	0
203	0
203.5	0
204	0
204.5	0
205	0
205.5	0
206	0
206.5	0
207	0
207.5	0
208	0
208.5	0
209	0
209.5	0
210	0
210.5	0
211	0
211.5	0
212	0
212.5	0
213	0
213.5	0
214	0
214.5	0
215	0
215.5	0
216	0
216.5	0
217	0
217.5	0
218	0
218.5	0
219	0
219.5	0
220	0
220.5	0
221	0
221.5	0
222	0
222.5	0
223	0
223.5	0
224	0
224.5	0
225	0
225.5	0
226	0
226.5	0
227	0
227.5	0
228	0
228.5	0
229	0
229.5	0
230	0
230.5	0
231	0
231.5	0
232	0
232.5	0
233	0
233.5	0
234	0
234.5	0
235	0
235.5	0
236	0
236.5	0
237	0
237.5	0
238	0
238.5	0
239	0
239.5	0
240	0
240.5	0
241	0
241.5	0
242	0
242.5	0
243	0
243.5	0
244	0
244.5	0
245	0
245.5	0
246	0
246.5	0
247	0
247.5	0
248	0
248.5	0
249	0
249.5	0
250	0
250.5	0
251	0
251.5	0
252	0
252.5	0
253	0
253.5	0
254	0
254.5	0
255	0
255.5	0
256	0
256.5	0
257	0
257.5	0
258	0
258.5	0
259	0
259.5	0
260	0
260.5	0
261	0
261.5	0
262	0
262.5	0
263	0
263.5	0
264	0
264.5	0
265	0
265.5	0
266	0
266.5	0
267	0
267.5	0
268	0
268.5	0
269	0
269.5	0
270	0
270.5	0
271	0
271.5	0
272	0
272.5	0
273	0
273.5	0
274	0
274.5	0
275	0
275.5	0
276	0
276.5	0
277	0
277.5	0
278	0
278.5	0
279	0
279.5	0
280	0
280.5	0
281	0
281.5	0
282	0
282.5	0
283	0
283.5	0
284	0
284.5	0
285	0
285.5	0
286	0
286.5	0
287	0
287.5	0
288	0
288.5	0
289	0
289.5	0
290	0
290.5	0
291	0
291.5	0
292	0
292.5	0
293	0
293.5	0
294	0
294.5	0
295	0
295.5	0
296	0
296.5	0
297	0
297.5	0
298	0
298.5	0
299	0
299.5	0
300	0
300.5	0
301	0
301.5	0
302	0
302.5	0
303	0
303.5	0
304	0
304.5	0
305	0
305.5	0
306	0
306.5	0
307	0
307.5	0
308	0
308.5	0
309	0
309.5	0
310	0
310.5	0
311	0
311.5	0
312	0
312.5	0
313	0
313.5	0
314	0
314.5	0
315	0
315.5	0
316	0
316.5	0
317	0
317.5	0
318	0
318.5	0
319	0
319.5	0
320	0
320.5	0
321	0
321.5	0
322	0
322.5	0
323	0
323.5	0
324	0
324.5	0
325	0
325.5	0
326	0
326.5	0
327	0
327.5	0
328	0
328.5	0
329	0
329.5	0
330	0
330.5	0
331	0
331.5	0
332	0
332.5	0
333	0
333.5	0
334	0
334.5	0
335	0
335.5	0
336	0
336.5	0
337	0
337.5	0
338	0
338.5	0
339	0
339.5	0
340	0
340.5	0
341	0
341.5	0
342	0
342.5	0
343	0
343.5	0
344	0
344.5	0
345	0
345.5	0
346	0
346.5	0
347	0
347.5	0
348	0
348.5	0
349	0
349.5	0
350	0
350.5	0
351	0
351.5	0
352	0
352.5	0
353	0
353.5	0
354	0
354.5	0
355	0
355.5	0
356	0
356.5	0
357	0
357.5	0
358	0
358.5	0
359	0
359.5	0
360	0
360.5	0
361	0
361.5	0
362	0
362.5	0
363	0
363.5	0
364	0
364.5	0
365	0
365.5	0
366	0
366.5	0
367	0
367.5	0
368	0
368.5	0
369	0
369.5	0
370	0
370.5	0
371	0
371.5	0
372	0
372.5	0
373	0
373.5	0
374	0
374.5	0
375	0
375.5	0
376	0
376.5	0
377	0
377.5	0
378	0
378.5	0
379	0
379.5	0
380	0.002252004
380.5	0
381	0
381.5	0
382	0
382.5	0
383	0.002359114
383.5	0.005938422
384	0.004768822
384.5	0.004015822
385	0.003745087
385.5	0.003514719
386	0.004668171
386.5	0.003519025
387	0.003456589
387.5	0.00071317
388	0.0000242
388.5	0.000233059
389	0
389.5	0
390	0
390.5	0
391	0
391.5	0.000923085
392	0.003140103
392.5	0.001115775
393	0.002574411
393.5	0
394	0.000364928
394.5	0.000949997
395	0.000559233
395.5	0.001782119
396	0.002401635
396.5	0.003681036
397	0.00433177
397.5	0.004516925
398	0.004241345
398.5	0.004085794
399	0.005877601
399.5	0.00740836
400	0.008556968
400.5	0.008912208
401	0.008605948
401.5	0.008147905
402	0.008488073
402.5	0.011937665
403	0.013513637
403.5	0.015379183
404	0.016609066
404.5	0.017576286
405	0.019149567
405.5	0.021088314
406	0.022780546
406.5	0.025178952
407	0.027889538
407.5	0.030253496
408	0.032348333
408.5	0.034865152
409	0.036693021
409.5	0.040834253
410	0.042105042
410.5	0.044060475
411	0.04636092
411.5	0.048134965
412	0.05380911
412.5	0.057024567
413	0.062651347
413.5	0.06807198
414	0.072522163
414.5	0.07620589
415	0.079670553
415.5	0.082880627
416	0.087124664
416.5	0.092336998
417	0.097712418
417.5	0.102936593
418	0.107909948
418.5	0.112274012
419	0.117070823
419.5	0.122097464
420	0.127698408
420.5	0.133063064
421	0.138204888
421.5	0.143560932
422	0.14566492
422.5	0.150992437
423	0.155276842
423.5	0.161027417
424	0.166808135
424.5	0.170966591
425	0.175911957
425.5	0.180285171
426	0.184679377
426.5	0.188154267
427	0.191202868
427.5	0.194016258
428	0.196536306
428.5	0.200148447
429	0.202321868
429.5	0.205498032
430	0.20881414
430.5	0.212468802
431	0.216061566
431.5	0.217685442
432	0.218548243
432.5	0.218911018
433	0.219413198
433.5	0.220320674
434	0.222160922
434.5	0.22490165
435	0.226324761
435.5	0.225797284
436	0.225763375
436.5	0.226594959
437	0.227443228
437.5	0.227850138
438	0.228275888
438.5	0.228021299
439	0.228234443
439.5	0.228838889
440	0.228982061
440.5	0.228555773
441	0.228063282
441.5	0.228079429
442	0.228020223
442.5	0.228554697
443	0.227697278
443.5	0.226721984
444	0.225573914
444.5	0.223202959
445	0.222980126
445.5	0.221065062
446	0.219828721
446.5	0.216897994
447	0.213296618
447.5	0.209871247
448	0.205233217
448.5	0.203214272
449	0.199064966
449.5	0.195495347
450	0.190898762
450.5	0.186148778
451	0.18257539
451.5	0.177376513
452	0.173275648
452.5	0.168249546
453	0.164007124
453.5	0.16042351
454	0.15699491
454.5	0.153483959
455	0.149900345
455.5	0.146437297
456	0.143853198
456.5	0.141843941
457	0.140166241
457.5	0.13884109
458	0.13816452
458.5	0.138243103
459	0.138736133
459.5	0.138627408
460	0.139059616
460.5	0.13975018
461	0.139983777
461.5	0.140894483
462	0.140939695
462.5	0.14080029
463	0.140571537
463.5	0.140569384
464	0.141028505
464.5	0.141946745
465	0.143035608
465.5	0.142330512
466	0.142904816
466.5	0.143327874
467	0.144483479
467.5	0.146555172
468	0.147648341
468.5	0.148574117
469	0.148355052
469.5	0.148579499
470	0.149074143
470.5	0.150023064
471	0.151546826
471.5	0.153061977
472	0.155198797
472.5	0.157072955
473	0.159473513
473.5	0.161381581
474	0.163023218
474.5	0.165501283
475	0.168544503
475.5	0.171980638
476	0.175481901
476.5	0.179696335
477	0.184478613
477.5	0.18947888
478	0.194445237
478.5	0.199183918
479	0.203543676
479.5	0.20848043
480	0.214497974
480.5	0.221339565
481	0.228715631
481.5	0.236570732
482	0.243304676
482.5	0.252430565
483	0.260651671
483.5	0.269462689
484	0.278445945
484.5	0.287050279
485	0.296948007
485.5	0.30685973
486	0.319107423
486.5	0.33098319
487	0.343481703
487.5	0.356003361
488	0.367613775
488.5	0.380567641
489	0.392631254
489.5	0.405974807
490	0.420377081
490.5	0.434872472
491	0.449724716
491.5	0.465707807
492	0.480972883
492.5	0.495401531
493	0.510834539
493.5	0.52646831
494	0.542288314
494.5	0.557868799
495	0.57291804
495.5	0.591138064
496	0.609437747
496.5	0.625147949
497	0.640055094
497.5	0.655043514
498	0.67066975
498.5	0.687383235
499	0.703504116
499.5	0.718195964
500	0.732241922
500.5	0.744539671
501	0.756679715
501.5	0.769887093
502	0.78283127
502.5	0.7986798
503	0.812701538
503.5	0.825831947
504	0.835423416
504.5	0.844497635
505	0.856208162
505.5	0.867230816
506	0.881150287
506.5	0.891464077
507	0.901228322
507.5	0.910098008
508	0.91924489
508.5	0.929395592
509	0.937376103
509.5	0.944403927
510	0.951071128
510.5	0.959432715
511	0.967906794
511.5	0.974978215
512	0.980662048
512.5	0.986690895
513	0.989573718
513.5	0.992786483
514	0.99407934
514.5	0.99501319
515	0.997184457
515.5	0.999898811
516	0.998852468
516.5	0.998399269
517	0.998547824
517.5	0.999334733
518	1
518.5	0.999179181
519	0.996198936
519.5	0.993404385
520	0.992972715
520.5	0.991995268
521	0.990382695
521.5	0.988447716
522	0.986214551
522.5	0.983437761
523	0.980390236
523.5	0.975227959
524	0.970388088
524.5	0.966288839
525	0.960356876
525.5	0.952484013
526	0.94517738
526.5	0.936960043
527	0.928119959
527.5	0.920989332
528	0.911957096
528.5	0.905145646
529	0.900902147
529.5	0.895149957
530	0.894354435
530.5	0.89292648
531	0.89359067
531.5	0.896869639
532	0.90050331
532.5	0.903099788
533	0.904743041
533.5	0.903120242
534	0.903814035
534.5	0.905083748
535	0.909037134
535.5	0.913647175
536	0.917377729
536.5	0.921372021
537	0.928055908
537.5	0.938830433
538	0.947622613
538.5	0.955934143
539	0.963893663
539.5	0.972029188
540	0.980249217
540.5	0.982781644
541	0.985682768
541.5	0.987581685
542	0.990373007
542.5	0.991783739
543	0.992172888
543.5	0.9944039
544	0.995647777
544.5	0.99764573
545	0.99468863
545.5	0.990888643
546	0.986555258
546.5	0.982112072
547	0.979066699
547.5	0.978034352
548	0.977869111
548.5	0.978570979
549	0.978562367
549.5	0.976618237
550	0.972299923
550.5	0.966342125
551	0.960875203
551.5	0.957869122
552	0.954895874
552.5	0.950098525
553	0.944162256
553.5	0.938349783
554	0.934020704
554.5	0.932653032
555	0.929377292
555.5	0.925265663
556	0.920688993
556.5	0.916573596
557	0.913379669
557.5	0.910436024
558	0.905939014
558.5	0.901094299
559	0.893606818
559.5	0.887513382
560	0.882325269
560.5	0.878154972
561	0.874820025
561.5	0.870228284
562	0.864886235
562.5	0.858896141
563	0.853791994
563.5	0.848239492
564	0.842590644
564.5	0.837250747
565	0.831263345
565.5	0.826612398
566	0.820669131
566.5	0.814787763
567	0.809692766
567.5	0.804195164
568	0.798074278
568.5	0.79274084
569	0.785406757
569.5	0.779338619
570	0.772693486
570.5	0.766040279
571	0.76028755
571.5	0.754760883
572	0.747966119
572.5	0.74198087
573	0.735990777
573.5	0.729072216
574	0.722459916
574.5	0.715810476
575	0.709364493
575.5	0.703906721
576	0.698910222
576.5	0.692356051
577	0.685263639
577.5	0.677520492
578	0.670808079
578.5	0.665430505
579	0.660450691
579.5	0.655275496
580	0.649814495
580.5	0.644111285
581	0.638306347
581.5	0.631998691
582	0.625286277
582.5	0.618100211
583	0.610062108
583.5	0.604135527
584	0.598583025
584.5	0.592182253
585	0.586699184
585.5	0.580183228
586	0.572828154
586.5	0.567739616
587	0.56000831
587.5	0.555163058
588	0.549307525
588.5	0.543469754
589	0.537612069
589.5	0.531425517
590	0.524977919
590.5	0.51896199
591	0.512672096
591.5	0.506589964
592	0.501117659
592.5	0.496226656
593	0.490647241
593.5	0.483746981
594	0.47745009
594.5	0.471361499
595	0.465857976
595.5	0.461275924
596	0.455905347
596.5	0.450341003
597	0.444763203
597.5	0.437758524
598	0.432505284
598.5	0.426728335
599	0.421293707
599.5	0.415977493
600	0.410649975
600.5	0.405461863
601	0.400704343
601.5	0.396347814
602	0.390406701
602.5	0.384855275
603	0.380234469
603.5	0.3759759
604	0.370959486
604.5	0.365157239
605	0.360575187
605.5	0.355184157
606	0.350870149
606.5	0.344170115
607	0.33934693
607.5	0.335295045
608	0.330915372
608.5	0.328162803
609	0.322806221
609.5	0.319891103
610	0.314269705
610.5	0.310144082
611	0.306362933
611.5	0.302503201
612	0.299348028
612.5	0.29464218
613	0.29044497
613.5	0.286403312
614	0.282744344
614.5	0.279381409
615	0.276306434
615.5	0.272883216
616	0.267942156
616.5	0.264028062
617	0.259175812
617.5	0.255090018
618	0.250707653
618.5	0.246928658
619	0.243786402
619.5	0.240106981
620	0.236839853
620.5	0.233354737
621	0.231148484
621.5	0.227933566
622	0.224658903
622.5	0.221158716
623	0.21707077
623.5	0.213711064
624	0.209106944
624.5	0.205537862
625	0.200579041
625.5	0.196573445
626	0.193031276
626.5	0.189198456
627	0.185478667
627.5	0.181306754
628	0.177847474
628.5	0.174018422
629	0.169981608
629.5	0.166033066
630	0.16275033
630.5	0.159911642
631	0.15600616
631.5	0.153630899
632	0.149014937
632.5	0.145835542
633	0.142310059
633.5	0.139223242
634	0.137012144
634.5	0.134623965
635	0.132715898
635.5	0.129891743
636	0.127941155
636.5	0.125439945
637	0.123597544
637.5	0.122396188
638	0.120917638
638.5	0.119097842
639	0.117271588
639.5	0.115317232
640	0.113061998
640.5	0.111038209
641	0.109600027
641.5	0.108949831
642	0.108722693
642.5	0.107273746
643	0.106125138
643.5	0.105218739
644	0.104690185
644.5	0.103605628
645	0.102819257
645.5	0.102609342
646	0.101282038
646.5	0.101369772
647	0.098494484
647.5	0.097244686
648	0.0959486
648.5	0.095509933
649	0.095142852
649.5	0.093693905
650	0.093908664
650.5	0.091671192
651	0.092009208
651.5	0.089978422
652	0.088632279
652.5	0.08752081
653	0.086149908
653.5	0.085671411
654	0.083321447
654.5	0.081408536
655	0.078977297
655.5	0.078349169
656	0.077908888
656.5	0.076949741
657	0.075490567
657.5	0.072963522
658	0.071227692
658.5	0.06993645
659	0.06925073
659.5	0.066969123
660	0.065014228
660.5	0.064128282
661	0.063692307
661.5	0.065328023
662	0.063982957
662.5	0.063037266
663	0.060739512
663.5	0.059369687
664	0.058435299
664.5	0.057669919
665	0.057778106
665.5	0.055493269
666	0.055141797
666.5	0.052827896
667	0.052931238
667.5	0.05248988
668	0.05143977
668.5	0.050779347
669	0.049273347
669.5	0.048485899
670	0.046595594
670.5	0.045166562
671	0.044146593
671.5	0.04340382
672	0.042918326
672.5	0.042582463
673	0.042025921
673.5	0.041571106
674	0.041299294
674.5	0.040597427
675	0.041171193
675.5	0.041177113
676	0.040294397
676.5	0.039920857
677	0.038741569
677.5	0.037576814
678	0.036342087
678.5	0.035278521
679	0.03458096
679.5	0.034774189
680	0.034851696
680.5	0.033557762
681	0.034183737
681.5	0.031710516
682	0.031689525
682.5	0.031352047
683	0.031038252
683.5	0.030629727
684	0.030035508
684.5	0.029733016
685	0.029371856
685.5	0.02935517
686	0.02767747
686.5	0.026957303
687	0.026760845
687.5	0.026941156
688	0.027179597
688.5	0.026513253
689	0.026449203
689.5	0.025306515
690	0.025268838
690.5	0.023705246
691	0.022440378
691.5	0.021786414
692	0.02129769
692.5	0.022070605
693	0.0225744
693.5	0.022843521
694	0.021986102
694.5	0.021309532
695	0.01985574
695.5	0.018756651
696	0.019159794
696.5	0.019033307
697	0.020866559
697.5	0.020248119
698	0.020731998
698.5	0.019829367
699	0.018240477
699.5	0.017168837
700	0.017244191
700.5	0.01881209
701	0.020761601
701.5	0.020596361
702	0.018603252
702.5	0.016950849
703	0.016015923
703.5	0.016616601
704	0.018185038
704.5	0.016959461
705	0.018697444
705.5	0.017399743
706	0.018525207
706.5	0.017545068
707	0.016838895
707.5	0.016803909
708	0.01611496
708.5	0.017209744
709	0.016801218
709.5	0.016006773
710	0.01519026
710.5	0.014903916
711	0.014063182
711.5	0.013008766
712	0.012606161
712.5	0.011934974
713	0.013450663
713.5	0.012248769
714	0.012360723
714.5	0.012610467
715	0.012662139
715.5	0.012833838
716	0.013108879
716.5	0.012816614
717	0.01349426
717.5	0.013272505
718	0.011492539
718.5	0.012007098
719	0.0119269
719.5	0.011352058
720	0.011755201
720.5	0.010982286
721	0.011564664
721.5	0.01164217
722	0.010684638
722.5	0.009238921
723	0.009553792
723.5	0.010441353
724	0.010669029
724.5	0.011984492
725	0.010456424
725.5	0.011889762
726	0.011205118
726.5	0.010131326
727	0.00779428
727.5	0.005934116
728	0.006026155
728.5	0.006988532
729	0.010173308
729.5	0.009547333
730	0.008443938
730.5	0.007052044
731	0.007062271
731.5	0.007484791
732	0.007552071
732.5	0.007957367
733	0.007146775
733.5	0.008081163
734	0.00663706
734.5	0.006120886
735	0.005009955
735.5	0.004599276
736	0.005033099
736.5	0.004648256
737	0.004425424
737.5	0.004358682
738	0.004804346
738.5	0.005385109
739	0.005669301
739.5	0.006014852
740	0.005981481
740.5	0.005096073
741	0.004573441
741.5	0.00485225
742	0.004699389
742.5	0.006231225
743	0.005258084
743.5	0.004859247
744	0.005157971
744.5	0.004829106
745	0.005195648
745.5	0.00377146
746	0.001551751
746.5	0.001158835
747	0.001087787
747.5	0.002051778
748	0.004688086
748.5	0.006773235
749	0.005878139
749.5	0.007230202
750	0.004606812
750.5	0.004376444
751	0.001603422
751.5	0.002613702
752	0.003509875
752.5	0.00392163
753	0.006859354
753.5	0.00626352
754	0.004957207
754.5	0.000656655
755	0
755.5	0
756	0.002318207
756.5	0.006945472
757	0.009484359
757.5	0.010404752
758	0.006600998
758.5	0.003537325
759	0
759.5	0
760	0
760.5	0.001151837
761	0.002440927
761.5	0.001630334
762	0.004393668
762.5	0.001961353
763	0.003457127
763.5	0.000570536
764	0.0009979
764.5	0.000417676
765	0
765.5	0
766	0
766.5	0
767	0.000617363
767.5	0.001279939
768	0.0000296
768.5	0.00000484
769	0
769.5	0
770	0.002135205
770.5	0.004027125
771	0.008844389
771.5	0.006950855
772	0.008052098
772.5	0.005607941
773	0.004694007
773.5	0.005124062
774	0.003830129
774.5	0.0060676
775	0.004004519
775.5	0.005590179
776	0.006512188
776.5	0.005168198
777	0.004952901
777.5	0.007294253
778	0.009323963
778.5	0.007667255
779	0.005163892
779.5	0.000406911
780	0.003513643
780.5	0
781	0
781.5	0
782	0
782.5	0.000204532
783	0.000150169
783.5	0.004631033
784	0.002858064
784.5	0.00470208
785	0.002995316
785.5	0.003063672
786	0.003794067
786.5	0.005595562
787	0.010202374
787.5	0.01038107
788	0.010257274
788.5	0.003892565
789	0.001272942
789.5	0
790	0
790.5	0
791	0
791.5	0.001825716
792	0.00000431
792.5	0.006983149
793	0.000213682
793.5	0.001554981
794	0.001401043
794.5	0.003083049
795	0.004633724
795.5	0.002830614
796	0.003825823
796.5	0
797	0.001553904
797.5	0
798	0
798.5	0
799	0
799.5	0
800	0
800.5	0
801	0
801.5	0
802	0
802.5	0
803	0
803.5	0
804	0
804.5	0
805	0
805.5	0
806	0
806.5	0
807	0
807.5	0
808	0
808.5	0
809	0
809.5	0
810	0
810.5	0
811	0
811.5	0
812	0
812.5	0
813	0
813.5	0
814	0
814.5	0
815	0
815.5	0
816	0
816.5	0
817	0
817.5	0
818	0
818.5	0
819	0
819.5	0
820	0
820.5	0
821	0
821.5	0
822	0
822.5	0
823	0
823.5	0
824	0
824.5	0
825	0
825.5	0
826	0
826.5	0
827	0
827.5	0
828	0
828.5	0
829	0
829.5	0
830	0
830.5	0
831	0
831.5	0
832	0
832.5	0
833	0
833.5	0
834	0
834.5	0
835	0
835.5	0
836	0
836.5	0
837	0
837.5	0
838	0
838.5	0
839	0
839.5	0
840	0
840.5	0
841	0
841.5	0
842	0
842.5	0
843	0
843.5	0
844	0
844.5	0
845	0
845.5	0
846	0
846.5	0
847	0
847.5	0
848	0
848.5	0
849	0
849.5	0
850	0
850.5	0
851	0
851.5	0
852	0
852.5	0
853	0
853.5	0
854	0
854.5	0
855	0
855.5	0
856	0
856.5	0
857	0
857.5	0
858	0
858.5	0
859	0
859.5	0
860	0
860.5	0
861	0
861.5	0
862	0
862.5	0
863	0
863.5	0
864	0
864.5	0
865	0
865.5	0
866	0
866.5	0
867	0
867.5	0
868	0
868.5	0
869	0
869.5	0
870	0
870.5	0
871	0
871.5	0
872	0
872.5	0
873	0
873.5	0
874	0
874.5	0
875	0
875.5	0
876	0
876.5	0
877	0
877.5	0
878	0
878.5	0
879	0
879.5	0
880	0
880.5	0
881	0
881.5	0
882	0
882.5	0
883	0
883.5	0
884	0
884.5	0
885	0
885.5	0
886	0
886.5	0
887	0
887.5	0
888	0
888.5	0
889	0
889.5	0
890	0
890.5	0
891	0
891.5	0
892	0
892.5	0
893	0
893.5	0
894	0
894.5	0
895	0
895.5	0
896	0
896.5	0
897	0
897.5	0
898	0
898.5	0
899	0
899.5	0
900	0
900.5	0
901	0
901.5	0
902	0
902.5	0
903	0
903.5	0
904	0
904.5	0
905	0
905.5	0
906	0
906.5	0
907	0
907.5	0
908	0
908.5	0
909	0
909.5	0
910	0
910.5	0
911	0
911.5	0
912	0
912.5	0
913	0
913.5	0
914	0
914.5	0
915	0
915.5	0
916	0
916.5	0
917	0
917.5	0
918	0
918.5	0
919	0
919.5	0
920	0
920.5	0
921	0
921.5	0
922	0
922.5	0
923	0
923.5	0
924	0
924.5	0
925	0
925.5	0
926	0
926.5	0
927	0
927.5	0
928	0
928.5	0
929	0
929.5	0
930	0
930.5	0
931	0
931.5	0
932	0
932.5	0
933	0
933.5	0
934	0
934.5	0
935	0
935.5	0
936	0
936.5	0
937	0
937.5	0
938	0
938.5	0
939	0
939.5	0
940	0
940.5	0
941	0
941.5	0
942	0
942.5	0
943	0
943.5	0
944	0
944.5	0
945	0
945.5	0
946	0
946.5	0
947	0
947.5	0
948	0
948.5	0
949	0
949.5	0
950	0
950.5	0
951	0
951.5	0
952	0
952.5	0
953	0
953.5	0
954	0
954.5	0
955	0
955.5	0
956	0
956.5	0
957	0
957.5	0
958	0
958.5	0
959	0
959.5	0
960	0
960.5	0
961	0
961.5	0
962	0
962.5	0
963	0
963.5	0
964	0
964.5	0
965	0
965.5	0
966	0
966.5	0
967	0
967.5	0
968	0
968.5	0
969	0
969.5	0
970	0
970.5	0
971	0
971.5	0
972	0
972.5	0
973	0
973.5	0
974	0
974.5	0
975	0
975.5	0
976	0
976.5	0
977	0
977.5	0
978	0
978.5	0
979	0
979.5	0
980	0
980.5	0
981	0
981.5	0
982	0
982.5	0
983	0
983.5	0
984	0
984.5	0
985	0
985.5	0
986	0
986.5	0
987	0
987.5	0
988	0
988.5	0
989	0
989.5	0
990	0
990.5	0
991	0
991.5	0
992	0
992.5	0
993	0
993.5	0
994	0
994.5	0
995	0
995.5	0
996	0
996.5	0
997	0
997.5	0
998	0
998.5	0
999	0
999.5	0
1000	0
1000.5	0
1001	0
1001.5	0
1002	0
1002.5	0
1003	0
1003.5	0
1004	0
1004.5	0
1005	0
1005.5	0
1006	0
1006.5	0
1007	0
1007.5	0
1008	0
1008.5	0
1009	0
1009.5	0
1010	0
1010.5	0
1011	0
1011.5	0
1012	0
1012.5	0
1013	0
1013.5	0
1014	0
1014.5	0
1015	0
1015.5	0
1016	0
1016.5	0
1017	0
1017.5	0
1018	0
1018.5	0
1019	0
1019.5	0
1020	0
1020.5	0
1021	0
1021.5	0
1022	0
1022.5	0
1023	0
1023.5	0
1024	0
1024.5	0
1025	0
1025.5	0
1026	0
1026.5	0
1027	0
1027.5	0
1028	0
1028.5	0
1029	0
1029.5	0
1030	0
1030.5	0
1031	0
1031.5	0
1032	0
1032.5	0
1033	0
1033.5	0
1034	0
1034.5	0
1035	0
1035.5	0
1036	0
1036.5	0
1037	0
1037.5	0
1038	0
1038.5	0
1039	0
1039.5	0
1040	0
1040.5	0
1041	0
1041.5	0
1042	0
1042.5	0
1043	0
1043.5	0
1044	0
1044.5	0
1045	0
1045.5	0
1046	0
1046.5	0
1047	0
1047.5	0
1048	0
1048.5	0
1049	0
1049.5	0
1050	0
1050.5	0
1051	0
1051.5	0
1052	0
1052.5	0
1053	0
1053.5	0
1054	0
1054.5	0
1055	0
1055.5	0
1056	0
1056.5	0
1057	0
1057.5	0
1058	0
1058.5	0
1059	0
1059.5	0
1060	0
1060.5	0
1061	0
1061.5	0
1062	0
1062.5	0
1063	0
1063.5	0
1064	0
1064.5	0
1065	0
1065.5	0
1066	0
1066.5	0
1067	0
1067.5	0
1068	0
1068.5	0
1069	0
1069.5	0
1070	0
1070.5	0
1071	0
1071.5	0
1072	0
1072.5	0
1073	0
1073.5	0
1074	0
1074.5	0
1075	0
1075.5	0
1076	0
1076.5	0
1077	0
1077.5	0
1078	0
1078.5	0
1079	0
1079.5	0
1080	0
1080.5	0
1081	0
1081.5	0
1082	0
1082.5	0
1083	0
1083.5	0
1084	0
1084.5	0
1085	0
1085.5	0
1086	0
1086.5	0
1087	0
1087.5	0
1088	0
1088.5	0
1089	0
1089.5	0
1090	0
1090.5	0
1091	0
1091.5	0
1092	0
1092.5	0
1093	0
1093.5	0
1094	0
1094.5	0
1095	0
1095.5	0
1096	0
1096.5	0
1097	0
1097.5	0
1098	0
1098.5	0
1099	0
1099.5	0
1100	0
1100.5	0
1101	0
1101.5	0
1102	0
1102.5	0
1103	0
1103.5	0
1104	0
1104.5	0
1105	0
1105.5	0
1106	0
1106.5	0
1107	0
1107.5	0
1108	0
1108.5	0
1109	0
1109.5	0
1110	0
1110.5	0
1111	0
1111.5	0
1112	0
1112.5	0
1113	0
1113.5	0
1114	0
1114.5	0
1115	0
1115.5	0
1116	0
1116.5	0
1117	0
1117.5	0
1118	0
1118.5	0
1119	0
1119.5	0
1120	0
1120.5	0
1121	0
1121.5	0
1122	0
1122.5	0
1123	0
1123.5	0
1124	0
1124.5	0
1125	0
1125.5	0
1126	0
1126.5	0
1127	0
1127.5	0
1128	0
1128.5	0
1129	0
1129.5	0
1130	0
1130.5	0
1131	0
1131.5	0
1132	0
1132.5	0
1133	0
1133.5	0
1134	0
1134.5	0
1135	0
1135.5	0
1136	0
1136.5	0
1137	0
1137.5	0
1138	0
1138.5	0
1139	0
1139.5	0
1140	0
1140.5	0
1141	0
1141.5	0
1142	0
1142.5	0
1143	0
1143.5	0
1144	0
1144.5	0
1145	0
1145.5	0
1146	0
1146.5	0
1147	0
1147.5	0
1148	0
1148.5	0
1149	0
1149.5	0
1150	0
1150.5	0
1151	0
1151.5	0
1152	0
1152.5	0
1153	0
1153.5	0
1154	0
1154.5	0
1155	0
1155.5	0
1156	0
1156.5	0
1157	0
1157.5	0
1158	0
1158.5	0
1159	0
1159.5	0
1160	0
1160.5	0
1161	0
1161.5	0
1162	0
1162.5	0
1163	0
1163.5	0
1164	0
1164.5	0
1165	0
1165.5	0
1166	0
1166.5	0
1167	0
1167.5	0
1168	0
1168.5	0
1169	0
1169.5	0
1170	0
1170.5	0
1171	0
1171.5	0
1172	0
1172.5	0
1173	0
1173.5	0
1174	0
1174.5	0
1175	0
1175.5	0
1176	0
1176.5	0
1177	0
1177.5	0
1178	0
1178.5	0
1179	0
1179.5	0
1180	0
1180.5	0
1181	0
1181.5	0
1182	0
1182.5	0
1183	0
1183.5	0
1184	0
1184.5	0
1185	0
1185.5	0
1186	0
1186.5	0
1187	0
1187.5	0
1188	0
1188.5	0
1189	0
1189.5	0
1190	0
1190.5	0
1191	0
1191.5	0
1192	0
1192.5	0
1193	0
1193.5	0
1194	0
1194.5	0
1195	0
1195.5	0
1196	0
1196.5	0
1197	0
1197.5	0
1198	0
1198.5	0
1199	0
1199.5	0
