Wavelength (nm)	%T
1800	80.74674988
1799	80.47641754
1798	80.22633362
1797	79.98045349
1796	79.70776367
1795	79.46215057
1794	79.22345734
1793	78.9835434
1792	78.74424744
1791	78.51593018
1790	78.30271149
1789	78.07327271
1788	77.85096741
1787	77.65857697
1786	77.45896912
1785	77.25662231
1784	77.06750488
1783	76.88959503
1782	76.71540833
1781	76.53515625
1780	76.37000275
1779	76.22416687
1778	76.07305908
1777	75.92373657
1776	75.78845978
1775	75.66241455
1774	75.54180908
1773	75.41894531
1772	75.31899261
1771	75.22529602
1770	75.12717438
1769	75.03701782
1768	74.96453857
1767	74.89927673
1766	74.82923889
1765	74.77479553
1764	74.73478699
1763	74.69508362
1762	74.65635681
1761	74.63168335
1760	74.62056732
1759	74.61063385
1758	74.60462189
1757	74.61875153
1756	74.63536072
1755	74.65154266
1754	74.67972565
1753	74.72454834
1752	74.76768494
1751	74.81726837
1750	74.88510132
1749	74.9557724
1748	75.02889252
1747	75.10844421
1746	75.19573212
1745	75.30306244
1744	75.40523529
1743	75.51228333
1742	75.63703918
1741	75.76248169
1740	75.88791656
1739	76.02851868
1738	76.17218018
1737	76.32681274
1736	76.48403931
1735	76.64411163
1734	76.82048798
1733	76.99267578
1732	77.17720795
1731	77.36533356
1730	77.56546021
1729	77.7631073
1728	77.96665955
1727	78.18022919
1726	78.39513397
1725	78.61471558
1724	78.84345245
1723	79.07614899
1722	79.31219482
1721	79.55267334
1720	79.79676819
1719	80.04811096
1718	80.30170441
1717	80.56220245
1716	80.82533264
1715	81.09033966
1714	81.36723328
1713	81.63005066
1712	81.90318298
1711	82.18922424
1710	82.46807098
1709	82.74676514
1708	83.03245544
1707	83.32352448
1706	83.6084137
1705	83.90049744
1704	84.20493317
1703	84.49053192
1702	84.78139496
1701	85.0796814
1700	85.37200928
1699	85.66529846
1698	85.96212769
1697	86.25497437
1696	86.55448151
1695	86.84645844
1694	87.14157104
1693	87.43140411
1692	87.72692108
1691	88.02524567
1690	88.3152771
1689	88.6082077
1688	88.90261078
1687	89.18940735
1686	89.46910858
1685	89.75218964
1684	90.03001404
1683	90.30760193
1682	90.57926941
1681	90.84675598
1680	91.10907745
1679	91.3766861
1678	91.64310455
1677	91.88932037
1676	92.14016724
1675	92.39720917
1674	92.63832855
1673	92.87548065
1672	93.11229706
1671	93.33946991
1670	93.56500244
1669	93.79705811
1668	94.02424622
1667	94.23465729
1666	94.43811035
1665	94.63668823
1664	94.8276825
1663	95.01582336
1662	95.20882416
1661	95.3899231
1660	95.56840515
1659	95.74015045
1658	95.90564728
1657	96.06622314
1656	96.21425629
1655	96.36460876
1654	96.49907684
1653	96.63471222
1652	96.77346802
1651	96.89280701
1650	97.01469421
1649	97.13818359
1648	97.23674011
1647	97.3598175
1646	97.44581604
1645	97.53482056
1644	97.62976837
1643	97.70587158
1642	97.78754425
1641	97.86021423
1640	97.93671417
1639	97.99049377
1638	98.06363678
1637	98.10389709
1636	98.16842651
1635	98.18733978
1634	98.24525452
1633	98.27165222
1632	98.3167572
1631	98.34161377
1630	98.373909
1629	98.39650726
1628	98.39229584
1627	98.42221832
1626	98.42396545
1625	98.44132233
1624	98.43806458
1623	98.44017029
1622	98.4486084
1621	98.42533875
1620	98.4388504
1619	98.41706848
1618	98.41416168
1617	98.42539978
1616	98.39907074
1615	98.38360596
1614	98.37159729
1613	98.33252716
1612	98.33219147
1611	98.30631256
1610	98.2817688
1609	98.27280426
1608	98.25743103
1607	98.2173996
1606	98.18856049
1605	98.18874359
1604	98.14415741
1603	98.13011169
1602	98.11941528
1601	98.09137726
1600	98.05589294
1599	98.03295135
1598	98.02877045
1597	98.00009918
1596	97.98459625
1595	97.95343781
1594	97.93106079
1593	97.92021942
1592	97.90792847
1591	97.90923309
1590	97.88191986
1589	97.86760712
1588	97.84266663
1587	97.8323822
1586	97.82964325
1585	97.82975769
1584	97.82106781
1583	97.82591248
1582	97.81471252
1581	97.8169632
1580	97.811203
1579	97.81345367
1578	97.80927277
1577	97.81702423
1576	97.82222748
1575	97.83087158
1574	97.8343277
1573	97.85359192
1572	97.86019135
1571	97.87213898
1570	97.88392639
1569	97.89369202
1568	97.91265106
1567	97.92401123
1566	97.93810272
1565	97.96331787
1564	97.96383667
1563	97.99763489
1562	98.01759338
1561	98.02285767
1560	98.05600739
1559	98.06356812
1558	98.09395599
1557	98.10875702
1556	98.13899994
1555	98.15300751
1554	98.1724472
1553	98.19168091
1552	98.20613861
1551	98.22808075
1550	98.24558258
1549	98.2660675
1548	98.28064728
1547	98.30751038
1546	98.3181076
1545	98.3298111
1544	98.34636688
1543	98.35597992
1542	98.37471008
1541	98.37306976
1540	98.39634705
1539	98.39225769
1538	98.39631653
1537	98.40914154
1536	98.40940857
1535	98.42041779
1534	98.41009521
1533	98.41073608
1532	98.4152298
1531	98.41664886
1530	98.40345764
1529	98.40020752
1528	98.39263153
1527	98.37936401
1526	98.36492157
1525	98.3735199
1524	98.34927368
1523	98.32375336
1522	98.3125
1521	98.29879761
1520	98.283638
1519	98.25644684
1518	98.23783112
1517	98.22142029
1516	98.21135712
1515	98.1707077
1514	98.15481567
1513	98.12381744
1512	98.10882568
1511	98.09871674
1510	98.05860901
1509	98.03627014
1508	98.00773621
1507	97.99995422
1506	97.96089172
1505	97.94035339
1504	97.92927551
1503	97.89345551
1502	97.87944794
1501	97.84936523
1500	97.83805084
1499	97.82243347
1498	97.8050766
1497	97.7882843
1496	97.77937317
1495	97.75370789
1494	97.7457428
1493	97.73309326
1492	97.72247314
1491	97.71405792
1490	97.70135498
1489	97.69403839
1488	97.70490265
1487	97.69651031
1486	97.68980408
1485	97.69814301
1484	97.70050049
1483	97.69264221
1482	97.70296478
1481	97.71305084
1480	97.72754669
1479	97.715065
1478	97.72875214
1477	97.74346161
1476	97.76307678
1475	97.78244781
1474	97.78630829
1473	97.80653381
1472	97.85495758
1471	97.84087372
1470	97.85901642
1469	97.87197876
1468	97.89492035
1467	97.91159821
1466	97.94203186
1465	97.96743774
1464	97.96849823
1463	97.96310425
1462	98.01436615
1461	98.0328598
1460	98.04615784
1459	98.05252838
1458	98.0669632
1457	98.09712219
1456	98.09262085
1455	98.10371399
1454	98.12236023
1453	98.12559509
1452	98.10037231
1451	98.10674286
1450	98.13131714
1449	98.12944031
1448	98.12991333
1447	98.13004303
1446	98.12844849
1445	98.10557556
1444	98.11697388
1443	98.0908432
1442	98.07798004
1441	98.0608139
1440	98.05525208
1439	97.99855042
1438	97.9981842
1437	97.95113373
1436	97.92173767
1435	97.90280151
1434	97.86476135
1433	97.8270874
1432	97.83245087
1431	97.76994324
1430	97.710495
1429	97.65830231
1428	97.60879517
1427	97.58617401
1426	97.52533722
1425	97.45640564
1424	97.41049957
1423	97.36177063
1422	97.30545044
1421	97.25154114
1420	97.18383026
1419	97.14659119
1418	97.07595825
1417	97.01451111
1416	96.95806885
1415	96.90558624
1414	96.60917664
1413	96.75718689
1412	96.71646118
1411	96.6150589
1410	96.53528595
1409	96.4620285
1408	96.39642334
1407	96.36073303
1406	96.21776581
1405	96.15626526
1404	96.02446747
1403	95.92868042
1402	95.84194183
1401	95.73895264
1400	95.63230133
1399	95.67316437
1398	95.40183258
1397	95.32244873
1396	95.31082153
1395	95.19712067
1394	94.88278961
1393	94.73464203
1392	94.77058411
1391	94.46287537
1390	94.32314301
1389	94.19927979
1388	93.99940491
1387	93.98152924
1386	93.74538422
1385	93.8326416
1384	93.83599854
1383	93.85459137
1382	93.7687912
1381	93.9979248
1380	94.26603699
1379	94.4882431
1378	94.77554321
1377	95.10853577
1376	95.49854279
1375	95.87740326
1374	96.19528961
1373	96.63284302
1372	96.79260254
1371	97.09992981
1370	97.20857239
1369	97.30170441
1368	97.40771484
1367	97.46936035
1366	97.54747009
1365	97.80742645
1364	97.62367249
1363	97.62624359
1362	98.48639679
1361	97.68881226
1360	97.69181824
1359	97.63349915
1358	97.83991241
1357	97.59538269
1356	97.62989807
1355	97.59561157
1354	97.56269073
1353	97.55220032
1352	97.48736572
1351	97.54439545
1350	97.60041809
1349	97.53705597
1348	97.44526672
1347	97.44707489
1346	97.41636658
1345	97.38978577
1344	97.36061096
1343	97.33927155
1342	97.31944275
1341	97.29338837
1340	97.26005554
1339	97.23103333
1338	97.22746277
1337	97.21516418
1336	97.20852661
1335	97.19103241
1334	97.17808533
1333	97.17934418
1332	97.157547
1331	97.14530945
1330	97.15364838
1329	97.1554184
1328	97.15666199
1327	97.15207672
1326	97.15606689
1325	97.18225861
1324	97.18082428
1323	97.20436096
1322	97.22458649
1321	97.23178864
1320	97.25144958
1319	97.29045868
1318	97.30387878
1317	97.32041168
1316	97.35179901
1315	97.3874588
1314	97.414711
1313	97.44988251
1312	97.48931885
1311	97.52680969
1310	97.54158783
1309	97.57879639
1308	97.61920929
1307	97.65473938
1306	97.67988586
1305	97.71305847
1304	97.76340485
1303	97.79167938
1302	97.80405426
1301	97.82779694
1300	97.85018921
1299	97.87683868
1298	97.90671539
1297	97.91318512
1296	97.93775177
1295	97.95063782
1294	97.95381165
1293	97.95681763
1292	97.95059967
1291	97.94661713
1290	97.93811035
1289	97.93571472
1288	97.92048645
1287	97.90100098
1286	97.88787079
1285	97.88513947
1284	97.84719086
1283	97.81632996
1282	97.79089355
1281	97.7558136
1280	97.73336792
1279	97.69577789
1278	97.66132355
1277	97.62631226
1276	97.58608246
1275	97.54764557
1274	97.51655579
1273	97.48177338
1272	97.43669128
1271	97.40856934
1270	97.38146973
1269	97.33956146
1268	97.30496979
1267	97.2901001
1266	97.27451324
1265	97.23549652
1264	97.20632935
1263	97.21040344
1262	97.17308044
1261	97.14926147
1260	97.16188049
1259	97.14658356
1258	97.13036346
1257	97.1398468
1256	97.14492798
1255	97.14586639
1254	97.15795135
1253	97.16555786
1252	97.18058014
1251	97.19651031
1250	97.22621155
1249	97.25656128
1248	97.28168488
1247	97.32230377
1246	97.35918427
1245	97.40840149
1244	97.44055939
1243	97.48445892
1242	97.54470825
1241	97.58457947
1240	97.6362381
1239	97.68650055
1238	97.74115753
1237	97.77996826
1236	97.83746338
1235	97.87866974
1234	97.90934753
1233	97.95116425
1232	97.98451996
1231	98.01042938
1230	98.03479004
1229	98.05648804
1228	98.06127167
1227	98.06778717
1226	98.07520294
1225	98.07532501
1224	98.07325745
1223	98.0655365
1222	98.05434418
1221	98.03468323
1220	98.01856232
1219	97.99871063
1218	97.9701767
1217	97.94187164
1216	97.90714264
1215	97.88400269
1214	97.84830475
1213	97.81260681
1212	97.7765274
1211	97.73999786
1210	97.70487976
1209	97.66958618
1208	97.64656067
1207	97.61322021
1206	97.5868988
1205	97.55942535
1204	97.53356934
1203	97.522789
1202	97.50101471
1201	97.48264313
1200	97.47924042
1199	97.48204803
1198	97.46424103
1197	97.45716858
1196	97.47122192
1195	97.47909546
1194	97.49317169
1193	97.51138306
1192	97.53339386
1191	97.55243683
1190	97.5774765
1189	97.60663605
1188	97.63653564
1187	97.67342377
1186	97.71865082
1185	97.76499939
1184	97.80966949
1183	97.85566711
1182	97.89011383
1181	97.93196106
1180	97.96226501
1179	97.99269104
1178	98.02577972
1177	98.08543396
1176	98.10451508
1175	98.13119507
1174	98.16202545
1173	98.19470215
1172	98.21188354
1171	98.22633362
1170	98.24040222
1169	98.24726105
1168	98.24291229
1167	98.23756409
1166	98.24938965
1165	98.22921753
1164	98.21208954
1163	98.19533539
1162	98.18332672
1161	98.1476593
1160	98.11485291
1159	98.08843994
1158	98.05568695
1157	98.0158844
1156	97.99343109
1155	97.95976257
1154	97.92396545
1153	97.87014771
1152	97.83703613
1151	97.82002258
1150	97.79615784
1149	97.77376556
1148	97.73925781
1147	97.69577026
1146	97.68824005
1145	97.67443085
1144	97.65139008
1143	97.66973114
1142	97.67585754
1141	97.6627655
1140	97.67588806
1139	97.68267822
1138	97.69495392
1137	97.73468018
1136	97.75789642
1135	97.78081512
1134	97.77041626
1133	97.82725525
1132	97.89511871
1131	97.90850067
1130	97.95211792
1129	97.99755859
1128	98.02572632
1127	98.09332275
1126	98.13162994
1125	98.11618042
1124	98.18055725
1123	98.19650269
1122	98.25347137
1121	98.25337219
1120	98.28399658
1119	98.31053925
1118	98.31628418
1117	98.34884644
1116	98.35862732
1115	98.3109436
1114	98.31989288
1113	98.30905151
1112	98.30645752
1111	98.27636719
1110	98.23223114
1109	98.21081543
1108	98.1831131
1107	98.15271759
1106	98.10340118
1105	98.05209351
1104	98.01937103
1103	97.98812103
1102	97.93988037
1101	97.89399719
1100	97.8631897
1099	97.83873749
1098	97.76996613
1097	97.73509216
1096	97.74826813
1095	97.72429657
1094	97.68552399
1093	97.65979767
1092	97.69203949
1091	97.67629242
1090	97.66399384
1089	97.68418884
1088	97.72550964
1087	97.71994019
1086	97.74169922
1085	97.801651
1084	97.83370972
1083	97.85707855
1082	97.88198853
1081	97.94929504
1080	97.96878052
1079	98.02063751
1078	98.07925415
1077	98.10250092
1076	98.15002441
1075	98.19905853
1074	98.2149353
1073	98.26009369
1072	98.29050446
1071	98.29905701
1070	98.30787659
1069	98.33056641
1068	98.34367371
1067	98.32163239
1066	98.32826233
1065	98.31266785
1064	98.2621994
1063	98.27075958
1062	98.23516846
1061	98.17733002
1060	98.17991638
1059	98.10443878
1058	98.05381012
1057	98.05451965
1056	97.97157288
1055	97.92356873
1054	97.9281311
1053	97.84418488
1052	97.82954407
1051	97.79502869
1050	97.72796631
1049	97.72541046
1048	97.70029449
1047	97.67277527
1046	97.68304443
1045	97.66403961
1044	97.6621933
1043	97.6884613
1042	97.67133331
1041	97.72273254
1040	97.74262238
1039	97.76781464
1038	97.81388855
1037	97.81222534
1036	97.88626099
1035	97.89627838
1034	97.97232056
1033	98.00002289
1032	98.01563263
1031	98.07574463
1030	98.08611298
1029	98.14798737
1028	98.14483643
1027	98.17969513
1026	98.1740036
1025	98.1937027
1024	98.18992615
1023	98.16107941
1022	98.18041992
1021	98.1259079
1020	98.11397552
1019	98.0417099
1018	98.04032135
1017	97.9578476
1016	97.95043182
1015	97.876091
1014	97.84648895
1013	97.7840271
1012	97.73143005
1011	97.67358398
1010	97.62081909
1009	97.58427429
1008	97.53707123
1007	97.50388336
1006	97.47002411
1005	97.46343231
1004	97.43087769
1003	97.43660736
1002	97.42712402
1001	97.45296478
1000	97.44757843
999	97.47344971
998	97.5002594
997	97.534729
996	97.57398987
995	97.60009766
994	97.66838837
993	97.68951416
992	97.75424194
991	97.7808609
990	97.83343506
989	97.85906982
988	97.88154602
987	97.90937042
986	97.92133331
985	97.92987061
984	97.92038727
983	97.92269897
982	97.90346527
981	97.87744904
980	97.84726715
979	97.8010025
978	97.75917816
977	97.69304657
976	97.64771271
975	97.58473969
974	97.51667786
973	97.45453644
972	97.39553833
971	97.34114075
970	97.28470612
969	97.23190308
968	97.19814301
967	97.16588593
966	97.13119507
965	97.12186432
964	97.10539246
963	97.10544586
962	97.1108551
961	97.13459778
960	97.16727448
959	97.19203949
958	97.22797394
957	97.27999115
956	97.31726074
955	97.36723328
954	97.41562653
953	97.46248627
952	97.49469757
951	97.5326004
950	97.56991577
949	97.58675385
948	97.60827637
947	97.60678864
946	97.60064697
945	97.59220886
944	97.58361816
943	97.52938843
942	97.50400543
941	97.46266937
940	97.41841888
939	97.36120605
938	97.31484222
937	97.27458191
936	97.20124817
935	97.15784454
934	97.10972595
933	97.06031799
932	97.01174164
931	96.99075317
930	96.97089386
929	96.9447937
928	96.94825745
927	96.95793152
926	96.97182465
925	97.00405121
924	97.03760529
923	97.09612274
922	97.14215088
921	97.20212555
920	97.25662994
919	97.32700348
918	97.37329865
917	97.42405701
916	97.4876709
915	97.52763367
914	97.5607605
913	97.58337402
912	97.59321594
911	97.59928131
910	97.59315491
909	97.56552124
908	97.54186249
907	97.49646759
906	97.43664551
905	97.38549042
904	97.32208252
903	97.26137543
902	97.19741821
901	97.14733124
900	97.09120941
899	97.03659058
898	96.9990921
897	96.97310638
896	96.96472168
895	96.95753479
894	96.96315765
893	96.9935379
892	97.0228653
891	97.06422424
890	97.11637878
889	97.18330383
888	97.23937988
887	97.31352997
886	97.373909
885	97.43107605
884	97.48086548
883	97.53616333
882	97.5801239
881	97.60249329
880	97.6191864
879	97.61963654
878	97.60947418
877	97.58711243
876	97.54915619
875	97.51325226
874	97.45924377
873	97.40734863
872	97.3392334
871	97.27935028
870	97.22127533
869	97.16358185
868	97.12437439
867	97.09604645
866	97.06986237
865	97.05795288
864	97.0666275
863	97.09234619
862	97.12731171
861	97.17915344
860	97.23935699
859	97.31649017
858	97.38738251
857	97.46626282
856	97.54985046
855	97.62872314
854	97.69035339
853	97.75005341
852	97.80407715
851	97.83213043
850	97.84480286
849	97.84233856
848	97.82631683
847	97.79877472
846	97.74819183
845	97.69013977
844	97.62885284
843	97.55528259
842	97.4826355
841	97.42033386
840	97.35934448
839	97.30870056
838	97.27190399
837	97.25263214
836	97.24633789
835	97.26422119
834	97.30070496
833	97.34661865
832	97.41125488
831	97.48592377
830	97.57296753
829	97.66261292
828	97.75318146
827	97.83733368
826	97.92113495
825	97.98260498
824	98.0394516
823	98.07059479
822	98.08544159
821	98.08229065
820	98.05374908
819	98.00865173
818	97.94855499
817	97.87844086
816	97.80023193
815	97.7230835
814	97.64985657
813	97.58374786
812	97.52671051
811	97.48545837
810	97.46550751
809	97.46604919
808	97.49037933
807	97.53385162
806	97.59492493
805	97.67868805
804	97.77108765
803	97.86971283
802	97.97252655
801	98.06066895
800	98.15680695
799	98.04204559
798	98.07948303
797	98.12950134
796	98.1261673
795	98.1394577
794	98.1313858
793	98.06484222
792	98.00450134
791	97.91048431
790	97.8292923
789	97.73735046
788	97.67090607
787	97.61048126
786	97.5791626
785	97.52919006
784	97.52848053
783	97.56842804
782	97.63001251
781	97.63722992
780	97.76451874
779	97.83042908
778	97.9272995
777	98.03801727
776	98.11608124
775	98.17742157
774	98.25274658
773	98.25964355
772	98.26251221
771	98.24768066
770	98.16337585
769	98.13278961
768	98.03974915
767	97.92057037
766	97.81427002
765	97.71827698
764	97.63143158
763	97.53173828
762	97.53083801
761	97.50501251
760	97.49377441
759	97.53639984
758	97.62371063
757	97.71867371
756	97.83334351
755	97.90949249
754	98.03931427
753	98.14802551
752	98.19937897
751	98.25932312
750	98.30776215
749	98.28060913
748	98.22302246
747	98.15957642
746	98.04514313
745	97.93104553
744	97.78980255
743	97.69247437
742	97.57902527
741	97.46242523
740	97.42745972
739	97.39038086
738	97.37266541
737	97.41386414
736	97.4905777
735	97.57567596
734	97.66921997
733	97.78398132
732	97.89161682
731	97.95149994
730	98.00320435
729	98.01699066
728	98.00373077
727	97.9617691
726	97.83880615
725	97.72512817
724	97.61244965
723	97.4682312
722	97.33909607
721	97.23308563
720	97.16950226
719	97.11759949
718	97.1002121
717	97.16352081
716	97.23593903
715	97.32913208
714	97.46759033
713	97.59147644
712	97.71713257
711	97.80202484
710	97.87683105
709	97.90909576
708	97.86244965
707	97.80583191
706	97.69405365
705	97.56738281
704	97.39149475
703	97.23235321
702	97.09654999
701	96.98587036
700	96.89849091
699	96.87411499
698	96.89296722
697	96.95262909
696	97.04702759
695	97.15824127
694	97.31939697
693	97.44538879
692	97.54954529
691	97.6472168
690	97.68430328
689	97.66018677
688	97.59332275
687	97.50029755
686	97.36824036
685	97.2148056
684	97.06296539
683	96.94181061
682	96.8506012
681	96.79823303
680	96.7997818
679	96.84864807
678	96.92865753
677	97.03760529
676	97.17445374
675	97.28652954
674	97.38076782
673	97.43805695
672	97.48934174
671	97.49258423
670	97.42729187
669	97.36589813
668	97.28279114
667	97.19378662
666	97.1199646
665	97.07749176
664	97.07720184
663	97.11106873
662	97.16144562
661	97.2507782
660	97.3605423
659	97.43743896
658	97.50440216
657	97.55471039
656	97.56092072
655	97.51381683
654	97.44662476
653	97.34937286
652	97.24905396
651	97.14733887
650	97.06990051
649	97.01650238
648	97.01116943
647	97.02065277
646	97.06909943
645	97.13884735
644	97.20191956
643	97.2629776
642	97.32057953
641	97.34792328
640	97.36517334
639	97.37885284
638	97.39601135
637	97.39402771
636	97.42411041
635	97.45917511
634	97.51538086
633	97.56436157
632	97.61547089
631	97.61715698
630	97.61401367
629	97.56367493
628	97.47936249
627	97.38774872
626	97.32109833
625	97.25215912
624	97.24642944
623	97.30729675
622	97.43435669
621	97.57702637
620	97.74182129
619	97.89128876
618	97.96051025
617	97.93000031
616	97.8269043
615	97.64259338
614	97.39588165
613	97.19536591
612	97.0831604
611	97.06569672
610	97.20339203
609	97.47570801
608	97.81099701
607	98.13308716
606	98.32927704
605	98.31925964
604	98.06069946
603	97.55524445
602	96.86967468
601	96.16991425
600	95.59147644
599	95.25559998
598	95.27929688
597	95.67020416
596	96.31707764
595	97.12011719
594	97.81816101
593	98.25249481
592	98.30537415
591	97.98001099
590	97.41029358
589	96.8081131
588	96.43463135
587	96.41651154
586	96.79450989
585	97.39405823
584	97.97517395
583	98.22792053
582	98.01104736
581	97.33779144
580	96.53646088
579	96.0136261
578	96.06259918
577	96.72633362
576	97.60674286
575	98.06438446
574	97.5272522
573	96.04590607
572	94.41654968
571	93.70310211
570	94.37966156
569	95.39345551
568	94.15313721
567	88.65825653
566	79.76548767
565	68.45539856
564	51.85226059
563	30.25822639
562	12.51565838
561	3.911008596
560	1.15446198
559	0.383351564
558	0.144232988
557	0.059950043
556	0.027226834
555	0.013111833
554	0.006764185
553	0.003793561
552	0.00211701
551	0.001403908
550	0.00105443
549	0.000500544
548	0.000395816
547	0.000135117
546	0.00011794
545	0.000191274
544	8.72E-05
543	8.24E-05
542	-1.11E-05
541	0.000180837
540	-1.82E-05
539	-0.00015185
538	0.000357239
537	-0.000116625
536	0.000232113
535	3.71E-05
534	0.000162181
533	5.81E-05
532	3.53E-05
531	7.80E-05
530	0.000170989
529	-5.95E-05
528	0.00052167
527	0.001234991
526	0.001328066
525	0.000811997
524	0.000570353
523	0.000125502
522	5.90E-05
521	-3.16E-06
520	0.00028287
519	-0.000107813
518	1.28E-05
517	-6.65E-05
516	-2.70E-05
515	-0.000120108
514	-0.000185405
513	0.000131149
512	-7.77E-05
511	-0.000160106
510	2.58E-06
509	-7.82E-05
508	0.000213025
507	0.000257718
506	3.19E-05
505	-3.06E-05
504	7.90E-05
503	-0.000159834
502	0.000220308
501	-4.18E-05
500	-3.59E-05
499	-4.80E-05
498	0.000230613
497	4.67E-05
496	-0.000159987
495	2.97E-05
494	0.000272187
493	5.52E-05
492	3.61E-05
491	1.59E-05
490	-9.63E-05
489	-8.48E-05
488	0.000283901
487	4.77E-05
486	3.11E-06
485	-1.61E-06
484	-8.24E-05
483	9.93E-05
482	1.06E-05
481	9.90E-06
480	2.32E-05
479	9.77E-05
478	-6.27E-06
477	-7.82E-05
476	-0.00015969
475	0.00034035
474	-1.61E-05
473	-4.69E-05
472	0.000145001
471	2.69E-05
470	-0.000144242
469	9.88E-06
468	0.00024198
467	-0.000202997
466	-9.78E-06
465	9.68E-05
464	0.000209768
463	-0.000166035
462	-7.03E-05
461	-1.98E-05
460	0.000551085
459	0.000757844
458	0.000547074
457	8.10E-05
456	-7.42E-05
455	0.000151091
454	0.000195682
453	8.80E-06
452	0.000381427
451	0.001045492
450	0.003688337
449	0.004822924
448	0.002622487
447	0.000848089
446	0.000857471
445	0.00080189
444	0.000797594
443	0.003183206
442	0.010055847
441	0.015818842
440	0.013740762
439	0.007498095
438	0.00526634
437	0.007084568
436	0.0122012
435	0.01688879
434	0.01499479
433	0.008664955
432	0.004869798
431	0.00288981
430	0.002377701
429	0.001685841
428	0.002147952
427	0.002530544
426	0.003043641
425	0.003441221
424	0.002664655
423	0.001484817
422	0.000752128
421	0.000443493
420	0.000747521
419	0.000456327
418	0.000523396
417	0.000987704
416	0.001879185
415	0.002298714
414	0.002258725
413	0.001736392
412	0.000426041
411	0.000204467
410	-6.60E-05
409	0.000167438
408	0.000124638
407	-7.07E-05
406	-4.57E-05
405	0.000275224
404	0.0006399
403	0.000480042
402	0.000437214
401	0.000187977
400	0.000229782
399	-0.000171995
398	4.60E-05
397	0.000215933
396	1.15E-05
395	0.000215238
394	0.001339396
393	0.002409631
392	0.001962668
391	0.001028203
390	0.000523489
389	0.000181687
388	0.000192957
387	-0.000211168
386	8.24E-05
385	9.40E-05
384	8.81E-05
383	0.000577064
382	0.000413361
381	0.000381909
380	0.000135953
379	0.00020056
378	0.000419883
377	7.37E-05
376	0.000637238
375	0.000959734
374	0.000651771
373	0.000749921
372	0.000942602
371	0.000584125
370	1.61E-05
369	-0.000252788
368	7.17E-05
367	0.000317591
366	0.000381346
365	0.000461742
364	0.005140045
363	0.017504778
362	0.024575749
361	0.015677612
360	0.004550375
359	0.000653546
358	0.000327775
357	0.001071533
356	0.003384928
355	0.005501393
354	0.007078182
353	0.007368806
352	0.007074508
351	0.005298874
350	0.002580735
349	0.003269482
348	0.004989234
347	0.007505415
346	0.007746764
345	0.006172343
344	0.003134193
343	0.001172067
342	0.000752657
341	0.000379364
340	0.000794355
339	0.000769631
338	0.000871519
337	0.001673351
336	0.004013056
335	0.004699067
334	0.002626748
333	0.000834384
332	0.001438526
331	0.000316653
330	0.000449305
329	0.000695757
328	0.002850395
327	0.005300753
326	0.003449043
325	0.00095641
324	0.000477847
323	-0.000298672
322	0.000225135
321	0.00021825
320	0.000130073
319	0.000223475
318	0.000294614
317	-6.53E-05
316	0.000538087
315	0.004886256
314	0.009075744
313	0.006289593
312	0.002088464
311	0.000250405
310	-3.15E-05
309	-0.000137123
308	0.000406679
307	0.000474929
306	0.000354795
305	0.00027187
304	0.000404111
303	0.000132889
302	-0.000155692
301	4.01E-05
300	0.000397444
299	-7.89E-05
298	-2.17E-05
297	-4.77E-05
296	0.00028599
295	3.38E-05
294	0.000131625
293	4.64E-06
292	0.000174074
291	0.00107067
290	0.004071532
289	0.012102847
288	0.019640122
287	0.019110749
286	0.012282157
285	0.005686084
284	0.001534992
283	0.000244341
282	0.000305871
281	0.000200051
280	6.91E-05
279	-0.000119066
278	5.03E-05
277	0.000188084
276	-0.000212995
275	-7.51E-05
274	0.000158433
273	1.68E-05
272	-9.39E-05
271	-0.000299088
270	2.41E-05
269	5.55E-05
268	-0.000243595
267	-0.000138143
266	-8.17E-05
265	-0.000131281
264	-0.000157328
263	-5.04E-05
262	0.00011055
261	-0.000123702
260	3.84E-05
259	0.000281645
258	-1.07E-05
257	-6.98E-05
256	-0.000240788
255	0.000108812
254	-5.62E-05
253	-0.000159865
252	-4.81E-05
251	0.000106319
250	0.00019001
249	-0.00020844
248	-4.15E-05
247	8.96E-05
246	-0.00018992
245	2.02E-05
244	0.000100116
243	0.000178814
242	-0.000274772
241	9.93E-05
240	7.86E-05
239	-6.54E-06
238	-0.000226614
237	-4.83E-07
236	-2.74E-05
235	-3.38E-05
234	-3.97E-05
233	5.25E-05
232	-6.88E-05
231	-1.39E-05
230	-6.67E-05
229	-4.56E-05
228	-3.12E-05
227	-0.00019968
226	-2.03E-05
225	0.000357144
224	-0.000230441
223	-0.000120104
222	-0.000196989
221	3.07E-05
220	-0.000312417
219	-0.000321487
218	0.000131177
217	-0.000225293
216	-0.000200118
215	-0.000105212
214	-6.85E-06
213	-4.08E-05
212	-0.000199026
211	0.000182279
210	0.000136292
209	-7.87E-05
208	-8.10E-06
207	9.05E-05
206	-3.13E-05
205	0.00010778
204	-0.000276229
203	-3.52E-05
202	-0.000154268
201	-0.000148363
200	-0.000207608
