466.0	0.01149
466.2	0.00805
466.4	0.00585
466.6	0.00454
466.8	0.00372
467.0	0.003
467.2	0.00262
467.4	0.00228
467.6	0.00204
467.8	0.0018
468.0	0.00202
468.2	0.00234
468.4	0.00221
468.6	0.00213
468.8	0.00208
469.0	0.00208
469.2	0.00205
469.4	0.00208
469.6	0.00206
469.8	0.00204
470.0	0.0021
470.2	0.0022
470.4	0.00223
470.6	0.00241
470.8	0.0024
471.0	0.00265
471.2	0.00277
471.4	0.00285
471.6	0.00316
471.8	0.00348
472.0	0.00385
472.2	0.00419
472.4	0.00464
472.6	0.00525
472.8	0.00581
473.0	0.00646
473.2	0.00716
473.4	0.00796
473.6	0.00859
473.8	0.0092
474.0	0.00973
474.2	0.01035
474.4	0.01079
474.6	0.01107
474.8	0.01136
475.0	0.01154
475.2	0.01155
475.4	0.01144
475.6	0.01126
475.8	0.01112
476.0	0.01091
476.2	0.01067
476.4	0.01056
476.6	0.01032
476.8	0.01022
477.0	0.01021
477.2	0.01019
477.4	0.01023
477.6	0.01027
477.8	0.01036
478.0	0.01049
478.2	0.01065
478.4	0.01078
478.6	0.01083
478.8	0.01091
479.0	0.011
479.2	0.01098
479.4	0.01097
479.6	0.01086
479.8	0.01073
480.0	0.01049
480.2	0.01033
480.4	0.01012
480.6	0.00976
480.8	0.00958
481.0	0.00924
481.2	0.00905
481.4	0.00885
481.6	0.00867
481.8	0.00847
482.0	0.00839
482.2	0.0083
482.4	0.00825
482.6	0.00822
482.8	0.00829
483.0	0.00838
483.2	0.00847
483.4	0.00865
483.6	0.00883
483.8	0.00904
484.0	0.00929
484.2	0.00951
484.4	0.00974
484.6	0.00998
484.8	0.01033
485.0	0.01045
485.2	0.01065
485.4	0.01068
485.6	0.0109
485.8	0.01092
486.0	0.01089
486.2	0.01071
486.4	0.01065
486.6	0.01052
486.8	0.01027
487.0	0.01001
487.2	0.00978
487.4	0.00964
487.6	0.00929
487.8	0.00914
488.0	0.0088
488.2	0.00863
488.4	0.00848
488.6	0.00827
488.8	0.00815
489.0	0.00805
489.2	0.008
489.4	0.00799
489.6	0.008
489.8	0.00811
490.0	0.00821
490.2	0.00831
490.4	0.00854
490.6	0.00892
490.8	0.00918
491.0	0.0096
491.2	0.01012
491.4	0.01079
491.6	0.01148
491.8	0.01243
492.0	0.01351
492.2	0.01484
492.4	0.01634
492.6	0.0181
492.8	0.02048
493.0	0.02333
493.2	0.02655
493.4	0.03061
493.6	0.03552
493.8	0.04137
494.0	0.04856
494.2	0.05684
494.4	0.06717
494.6	0.07903
494.8	0.0925
495.0	0.10805
495.2	0.12573
495.4	0.14466
495.6	0.16484
495.8	0.1856
496.0	0.20751
496.2	0.22994
496.4	0.25122
496.6	0.27172
496.8	0.29115
497.0	0.30921
497.2	0.32629
497.4	0.34145
497.6	0.3552
497.8	0.36823
498.0	0.38028
498.2	0.39271
498.4	0.40547
498.6	0.42083
498.8	0.43821
499.0	0.45831
499.2	0.48446
499.4	0.5138
499.6	0.54661
499.8	0.58445
500.0	0.6296
500.2	0.67218
500.4	0.71277
500.6	0.75262
500.8	0.79139
501.0	0.82545
501.2	0.85663
501.4	0.88152
501.6	0.90416
501.8	0.91971
502.0	0.93161
502.2	0.9379
502.4	0.94392
502.6	0.94664
502.8	0.95022
503.0	0.95265
503.2	0.95258
503.4	0.95497
503.6	0.95822
503.8	0.96145
504.0	0.96407
504.2	0.96713
504.4	0.96988
504.6	0.9697
504.8	0.97018
505.0	0.97053
505.2	0.97156
505.4	0.97518
505.6	0.97446
505.8	0.97347
506.0	0.97356
506.2	0.97361
506.4	0.97382
506.6	0.97587
506.8	0.97386
507.0	0.97329
507.2	0.97449
507.4	0.97459
507.6	0.97504
507.8	0.97378
508.0	0.97549
508.2	0.97601
508.4	0.97544
508.6	0.97507
508.8	0.97424
509.0	0.97489
509.2	0.97715
509.4	0.97739
509.6	0.97643
509.8	0.977
510.0	0.97739
510.2	0.978
510.4	0.97909
510.6	0.97926
510.8	0.97785
511.0	0.97671
511.2	0.97508
511.4	0.97543
511.6	0.97436
511.8	0.97323
512.0	0.97241
512.2	0.97137
512.4	0.97059
512.6	0.97024
512.8	0.96763
513.0	0.96772
513.2	0.96763
513.4	0.96882
513.6	0.96799
513.8	0.96742
514.0	0.96794
514.2	0.96855
514.4	0.9705
514.6	0.97064
514.8	0.97083
515.0	0.97103
515.2	0.97058
515.4	0.97265
515.6	0.97258
515.8	0.97236
516.0	0.97358
516.2	0.97337
516.4	0.97331
516.6	0.97408
516.8	0.97367
517.0	0.97145
517.2	0.97023
517.4	0.97102
517.6	0.97141
517.8	0.97121
518.0	0.97116
518.2	0.97068
518.4	0.96915
518.6	0.96829
518.8	0.9682
519.0	0.96977
519.2	0.97099
519.4	0.97078
519.6	0.97152
519.8	0.97117
520.0	0.97252
520.2	0.97308
520.4	0.97513
520.6	0.97624
520.8	0.97642
521.0	0.97733
521.2	0.97788
521.4	0.97887
521.6	0.97844
521.8	0.97763
522.0	0.97957
522.2	0.98062
522.4	0.97871
522.6	0.97692
522.8	0.97719
523.0	0.97635
523.2	0.97438
523.4	0.97444
523.6	0.97216
523.8	0.97082
524.0	0.97117
524.2	0.97197
524.4	0.97106
524.6	0.9718
524.8	0.97175
525.0	0.97197
525.2	0.97368
525.4	0.97447
525.6	0.97478
525.8	0.97634
526.0	0.97583
526.2	0.97775
526.4	0.97872
526.6	0.98043
526.8	0.9819
527.0	0.98151
527.2	0.98327
527.4	0.98329
527.6	0.98225
527.8	0.98252
528.0	0.98128
528.2	0.98194
528.4	0.98048
528.6	0.97832
528.8	0.97668
529.0	0.975
529.2	0.97389
529.4	0.97297
529.6	0.97132
529.8	0.96992
530.0	0.97147
530.2	0.97166
530.4	0.97019
530.6	0.97013
530.8	0.97128
531.0	0.97208
531.2	0.97202
531.4	0.97389
531.6	0.97251
531.8	0.97154
532.0	0.97402
532.2	0.9764
532.4	0.97789
532.6	0.97874
532.8	0.97943
533.0	0.97829
533.2	0.9789
533.4	0.97993
533.6	0.98147
533.8	0.98105
534.0	0.98091
534.2	0.98042
534.4	0.98002
534.6	0.979
534.8	0.97811
535.0	0.97576
535.2	0.97596
535.4	0.97399
535.6	0.97312
535.8	0.97376
536.0	0.97422
536.2	0.97564
536.4	0.9752
536.6	0.97532
536.8	0.97447
537.0	0.97272
537.2	0.97406
537.4	0.97466
537.6	0.97478
537.8	0.97686
538.0	0.97841
538.2	0.97833
538.4	0.97866
538.6	0.97672
538.8	0.97597
539.0	0.97702
539.2	0.97634
539.4	0.97727
539.6	0.97911
539.8	0.97873
540.0	0.97996
540.2	0.97855
540.4	0.97689
540.6	0.9775
540.8	0.97778
541.0	0.97749
541.2	0.97598
541.4	0.97447
541.6	0.9748
541.8	0.97494
542.0	0.97596
542.2	0.97831
542.4	0.97891
542.6	0.97827
542.8	0.97771
543.0	0.9758
543.2	0.97501
543.4	0.97401
543.6	0.97495
543.8	0.97624
544.0	0.97466
544.2	0.97288
544.4	0.97215
544.6	0.96791
544.8	0.96444
545.0	0.95785
545.2	0.95131
545.4	0.94373
545.6	0.93441
545.8	0.92001
546.0	0.90286
546.2	0.8854
546.4	0.86502
546.6	0.84302
546.8	0.81842
547.0	0.79244
547.2	0.76668
547.4	0.73913
547.6	0.71211
547.8	0.68608
548.0	0.66161
548.2	0.63642
548.4	0.61276
548.6	0.58963
548.8	0.5676
549.0	0.54582
549.2	0.52486
549.4	0.50406
549.6	0.48314
549.8	0.46239
550.0	0.44133
550.2	0.4187
550.4	0.39474
550.6	0.37009
550.8	0.34388
551.0	0.31881
551.2	0.29311
551.4	0.26829
551.6	0.24288
551.8	0.21901
552.0	0.196
552.2	0.17416
552.4	0.15474
552.6	0.13638
552.8	0.12041
553.0	0.10565
553.2	0.09268
553.4	0.0815
553.6	0.07182
553.8	0.06333
554.0	0.05603
554.2	0.04951
554.4	0.04399
554.6	0.03948
554.8	0.03543
555.0	0.032
555.2	0.02897
555.4	0.02639
555.6	0.02408
555.8	0.0221
556.0	0.02045
556.2	0.01889
556.4	0.01763
556.6	0.01642
556.8	0.01544
557.0	0.01461
557.2	0.01375
557.4	0.01301
557.6	0.01242
557.8	0.01187
558.0	0.01135
558.2	0.01083
558.4	0.01045
558.6	0.01013
558.8	0.00985
559.0	0.00952
559.2	0.00923
559.4	0.00904
559.6	0.00886
559.8	0.00869
560.0	0.00853
560.2	0.00837
560.4	0.00823
560.6	0.00817
560.8	0.00805
561.0	0.00796
561.2	0.00792
561.4	0.0078
561.6	0.00779
561.8	0.00775
562.0	0.00771
562.2	0.00767
562.4	0.00768
562.6	0.00766
562.8	0.00768
563.0	0.00767
563.2	0.00777
563.4	0.00776
563.6	0.00781
563.8	0.00785
564.0	0.00796
564.2	0.008
564.4	0.0081
564.6	0.00823
564.8	0.00838
565.0	0.00848
565.2	0.00858
565.4	0.00875
565.6	0.00893
565.8	0.00917
566.0	0.00934
566.2	0.00962
566.4	0.00987
566.6	0.01021
566.8	0.01055
567.0	0.01092
567.2	0.01135
567.4	0.01182
567.6	0.01239
567.8	0.01292
568.0	0.01361
568.2	0.01439
568.4	0.0152
568.6	0.01611
568.8	0.0172
569.0	0.01845
569.2	0.01989
569.4	0.02151
569.6	0.02331
569.8	0.02536
570.0	0.02767
570.2	0.03032
570.4	0.03342
570.6	0.03698
570.8	0.04115
571.0	0.04597
571.2	0.05156
571.4	0.05803
571.6	0.06569
571.8	0.07425
572.0	0.08415
572.2	0.0955
572.4	0.10844
572.6	0.12289
572.8	0.1392
573.0	0.15657
573.2	0.17641
573.4	0.19701
573.6	0.21791
573.8	0.24156
574.0	0.26566
574.2	0.28994
574.4	0.3144
574.6	0.3385
574.8	0.36264
575.0	0.38691
575.2	0.40831
575.4	0.4297
575.6	0.4506
575.8	0.47119
576.0	0.48951
576.2	0.5054
576.4	0.52193
576.6	0.53839
576.8	0.55539
577.0	0.57398
577.2	0.59345
577.4	0.61242
577.6	0.6348
577.8	0.65841
578.0	0.68411
578.2	0.70966
578.4	0.73524
578.6	0.76238
578.8	0.78859
579.0	0.8146
579.2	0.83769
579.4	0.85812
579.6	0.87771
579.8	0.89552
580.0	0.91216
580.2	0.92607
580.4	0.93744
580.6	0.94706
580.8	0.95459
581.0	0.96017
581.2	0.96279
581.4	0.96471
581.6	0.96919
581.8	0.96889
582.0	0.96825
582.2	0.96823
582.4	0.96889
582.6	0.96948
582.8	0.97072
583.0	0.97268
583.2	0.97297
583.4	0.97291
583.6	0.97261
583.8	0.97359
584.0	0.97397
584.2	0.97456
584.4	0.97633
584.6	0.97774
584.8	0.97795
585.0	0.97812
585.2	0.97817
585.4	0.9793
585.6	0.97939
585.8	0.97837
586.0	0.9768
586.2	0.97444
586.4	0.97401
586.6	0.97545
586.8	0.97522
587.0	0.97524
587.2	0.97716
587.4	0.97615
587.6	0.97381
587.8	0.97542
588.0	0.97467
588.2	0.97414
588.4	0.97458
588.6	0.97398
588.8	0.97186
589.0	0.97321
589.2	0.97375
589.4	0.97324
589.6	0.97292
589.8	0.97137
590.0	0.97036
590.2	0.97036
590.4	0.9719
590.6	0.97184
590.8	0.97146
591.0	0.97196
591.2	0.97137
591.4	0.97308
591.6	0.9715
591.8	0.97231
592.0	0.97192
592.2	0.97265
592.4	0.9716
592.6	0.97267
592.8	0.97275
593.0	0.97193
593.2	0.97326
593.4	0.97387
593.6	0.9754
593.8	0.97567
594.0	0.97632
594.2	0.97484
594.4	0.97492
594.6	0.97585
594.8	0.97652
595.0	0.97914
595.2	0.97827
595.4	0.97974
595.6	0.98011
595.8	0.98082
596.0	0.97971
596.2	0.97878
596.4	0.97831
596.6	0.97762
596.8	0.97766
597.0	0.97932
597.2	0.97982
597.4	0.97979
597.6	0.98227
597.8	0.98055
598.0	0.97951
598.2	0.98092
598.4	0.97867
598.6	0.97788
598.8	0.97654
599.0	0.9769
599.2	0.97674
599.4	0.97695
599.6	0.9776
599.8	0.97732
600.0	0.97938
600.2	0.98032
600.4	0.9786
600.6	0.97866
600.8	0.97996
601.0	0.98066
601.2	0.9778
601.4	0.97754
601.6	0.97572
601.8	0.97541
602.0	0.97584
602.2	0.97606
602.4	0.97685
602.6	0.97655
602.8	0.97634
603.0	0.9751
603.2	0.97714
603.4	0.97735
603.6	0.97614
603.8	0.97635
604.0	0.97827
604.2	0.97862
604.4	0.97782
604.6	0.97875
604.8	0.9777
605.0	0.9794
605.2	0.9784
605.4	0.97788
605.6	0.97788
605.8	0.97933
606.0	0.97921
606.2	0.98019
606.4	0.97851
606.6	0.97807
606.8	0.97922
607.0	0.97779
607.2	0.9783
607.4	0.97867
607.6	0.97907
607.8	0.97837
608.0	0.97842
608.2	0.97879
608.4	0.97871
608.6	0.97589
608.8	0.97603
609.0	0.97623
609.2	0.97795
609.4	0.97902
609.6	0.98091
609.8	0.98079
610.0	0.97932
610.2	0.97902
610.4	0.97724
610.6	0.97717
610.8	0.97741
611.0	0.97688
611.2	0.97562
611.4	0.9762
611.6	0.97932
611.8	0.97885
612.0	0.97851
612.2	0.97802
612.4	0.97964
612.6	0.97786
612.8	0.97568
613.0	0.97798
613.2	0.97914
613.4	0.97939
613.6	0.98086
613.8	0.98035
614.0	0.98285
614.2	0.9851
614.4	0.98443
614.6	0.98359
614.8	0.98232
615.0	0.98197
615.2	0.98134
615.4	0.98129
615.6	0.98014
615.8	0.98176
616.0	0.98252
616.2	0.98285
616.4	0.98292
616.6	0.98061
616.8	0.98131
617.0	0.98312
617.2	0.98242
617.4	0.98342
617.6	0.98394
617.8	0.98307
618.0	0.98312
618.2	0.98113
618.4	0.98044
618.6	0.97846
618.8	0.97783
619.0	0.97891
619.2	0.97859
619.4	0.97772
619.6	0.97852
619.8	0.97698
620.0	0.97702
620.2	0.97915
620.4	0.97898
620.6	0.97946
620.8	0.98047
621.0	0.97931
621.2	0.97818
621.4	0.97871
621.6	0.97777
621.8	0.97714
622.0	0.97886
622.2	0.97955
622.4	0.97936
622.6	0.97913
622.8	0.97852
623.0	0.97643
623.2	0.977
623.4	0.97775
623.6	0.97802
623.8	0.97972
624.0	0.98262
624.2	0.98363
624.4	0.98363
624.6	0.98222
624.8	0.98265
625.0	0.98171
625.2	0.98309
625.4	0.98363
625.6	0.9835
625.8	0.98277
626.0	0.98277
626.2	0.98226
626.4	0.98195
626.6	0.98184
626.8	0.98101
627.0	0.97828
627.2	0.97959
627.4	0.98044
627.6	0.98076
627.8	0.97956
628.0	0.98081
628.2	0.981
628.4	0.98057
628.6	0.97955
628.8	0.97956
629.0	0.97898
629.2	0.97854
629.4	0.97926
629.6	0.97849
629.8	0.98028
630.0	0.97855
630.2	0.97792
630.4	0.97766
630.6	0.97695
630.8	0.97898
631.0	0.976
631.2	0.97457
631.4	0.9762
631.6	0.97939
631.8	0.97822
632.0	0.97691
632.2	0.97658
632.4	0.97702
632.6	0.97851
632.8	0.9781
633.0	0.97822
633.2	0.97882
633.4	0.97913
633.6	0.97862
633.8	0.97779
634.0	0.97771
634.2	0.98027
634.4	0.98001
634.6	0.98055
634.8	0.97951
635.0	0.98199
635.2	0.98167
635.4	0.9818
635.6	0.98128
635.8	0.98084
636.0	0.98385
636.2	0.98461
636.4	0.98304
636.6	0.98544
636.8	0.98311
637.0	0.98106
637.2	0.98262
637.4	0.98244
637.6	0.98482
637.8	0.98485
638.0	0.98244
638.2	0.98188
638.4	0.98038
638.6	0.97834
638.8	0.97849
639.0	0.97807
639.2	0.9794
639.4	0.97986
639.6	0.98121
639.8	0.98233
640.0	0.98217
640.2	0.98252
640.4	0.98292
640.6	0.97997
640.8	0.98023
641.0	0.98056
641.2	0.98104
641.4	0.98028
641.6	0.9784
641.8	0.97838
642.0	0.97845
642.2	0.98002
642.4	0.97914
642.6	0.98018
642.8	0.98244
643.0	0.98391
643.2	0.98248
643.4	0.98274
643.6	0.98233
643.8	0.97901
644.0	0.97902
644.2	0.97767
644.4	0.97922
644.6	0.97991
644.8	0.97959
645.0	0.98127
645.2	0.98051
645.4	0.98107
645.6	0.98085
645.8	0.9793
646.0	0.97994
646.2	0.98071
646.4	0.98122
646.6	0.98052
646.8	0.97935
647.0	0.97907
647.2	0.97765
647.4	0.97543
647.6	0.97654
647.8	0.97792
648.0	0.97658
648.2	0.9772
648.4	0.97656
648.6	0.97758
648.8	0.97734
649.0	0.97811
649.2	0.97928
649.4	0.98051
649.6	0.97789
649.8	0.97692
650.0	0.97868
650.2	0.9793
650.4	0.98002
650.6	0.98159
650.8	0.98222
651.0	0.98205
651.2	0.98043
651.4	0.98169
651.6	0.98378
651.8	0.98444
652.0	0.98363
652.2	0.98269
652.4	0.98057
652.6	0.98122
652.8	0.9821
653.0	0.98328
653.2	0.98244
653.4	0.98482
653.6	0.98565
653.8	0.98244
654.0	0.98053
654.2	0.98033
654.4	0.97958
654.6	0.98186
654.8	0.98211
655.0	0.98339
655.2	0.98358
655.4	0.98386
655.6	0.98311
655.8	0.98479
656.0	0.98399
656.2	0.98123
656.4	0.98094
656.6	0.97892
656.8	0.97691
657.0	0.97671
657.2	0.9796
657.4	0.98027
657.6	0.98001
657.8	0.98015
658.0	0.97846
658.2	0.97777
658.4	0.97954
658.6	0.98103
658.8	0.97974
659.0	0.98215
659.2	0.98302
659.4	0.9823
659.6	0.98108
659.8	0.98267
660.0	0.98065
660.2	0.98225
660.4	0.98006
660.6	0.98091
660.8	0.98213
661.0	0.98228
661.2	0.98232
661.4	0.98223
661.6	0.98246
661.8	0.98337
662.0	0.98556
662.2	0.98838
662.4	0.9881
662.6	0.98764
662.8	0.98829
663.0	0.98948
663.2	0.98876
663.4	0.98842
663.6	0.99086
663.8	0.98953
664.0	0.98712
664.2	0.98797
664.4	0.98959
664.6	0.98867
664.8	0.98993
665.0	0.9893
665.2	0.98967
665.4	0.9893
665.6	0.98732
665.8	0.98666
666.0	0.98823
666.2	0.98776
666.4	0.98752
666.6	0.98703
666.8	0.98582
667.0	0.98466
667.2	0.98392
667.4	0.98399
667.6	0.9838
667.8	0.98558
668.0	0.98549
668.2	0.98521
668.4	0.98261
668.6	0.98276
668.8	0.98263
669.0	0.98219
669.2	0.98201
669.4	0.98127
669.6	0.98126
669.8	0.98163
670.0	0.98145
670.2	0.98163
670.4	0.97983
670.6	0.97976
670.8	0.98304
671.0	0.98224
671.2	0.98093
671.4	0.98122
671.6	0.98026
671.8	0.98021
672.0	0.97987
672.2	0.97975
672.4	0.9763
672.6	0.97663
672.8	0.98076
673.0	0.98116
673.2	0.97801
673.4	0.97616
673.6	0.977
673.8	0.97796
674.0	0.97893
674.2	0.98121
674.4	0.98076
674.6	0.98006
674.8	0.98217
675.0	0.98413
675.2	0.98098
675.4	0.98135
675.6	0.98363
675.8	0.98422
676.0	0.9842
676.2	0.98428
676.4	0.98104
676.6	0.98111
676.8	0.98221
677.0	0.98302
677.2	0.98414
677.4	0.98222
677.6	0.98283
677.8	0.98405
678.0	0.9823
678.2	0.98328
678.4	0.98406
678.6	0.98276
678.8	0.9816
679.0	0.98204
679.2	0.98169
679.4	0.98163
679.6	0.97925
679.8	0.97803
680.0	0.97819
680.2	0.98003
680.4	0.98141
680.6	0.98227
680.8	0.98286
681.0	0.98331
681.2	0.98197
681.4	0.98096
681.6	0.982
681.8	0.98144
682.0	0.98178
682.2	0.98122
682.4	0.98121
682.6	0.98283
682.8	0.98496
683.0	0.98629
683.2	0.98588
683.4	0.98567
683.6	0.98482
683.8	0.98238
684.0	0.98048
684.2	0.9794
684.4	0.97836
684.6	0.98107
684.8	0.98351
685.0	0.98584
685.2	0.98649
685.4	0.98912
685.6	0.99127
685.8	0.99029
686.0	0.9879
686.2	0.98587
686.4	0.98477
686.6	0.9847
686.8	0.98379
687.0	0.9825
687.2	0.98508
687.4	0.98793
687.6	0.98825
687.8	0.98645
688.0	0.98689
688.2	0.986
688.4	0.9836
688.6	0.98423
688.8	0.98627
689.0	0.98426
689.2	0.98322
689.4	0.98243
689.6	0.9821
689.8	0.98204
690.0	0.98154
690.2	0.98169
690.4	0.98059
690.6	0.98207
690.8	0.98193
691.0	0.98034
691.2	0.97966
691.4	0.97931
691.6	0.97966
691.8	0.98034
692.0	0.98145
692.2	0.98153
692.4	0.98043
692.6	0.98006
692.8	0.97978
693.0	0.97921
693.2	0.97932
693.4	0.97963
693.6	0.97915
693.8	0.97796
694.0	0.9783
694.2	0.97509
694.4	0.97524
694.6	0.97736
694.8	0.97808
695.0	0.97943
695.2	0.97847
695.4	0.97867
695.6	0.97887
695.8	0.98118
696.0	0.98183
696.2	0.98136
696.4	0.98072
696.6	0.98266
696.8	0.98271
697.0	0.98148
697.2	0.98295
697.4	0.98681
697.6	0.98784
697.8	0.98417
698.0	0.98329
698.2	0.98187
698.4	0.98242
698.6	0.98531
698.8	0.98675
699.0	0.98596
699.2	0.98626
699.4	0.98701
699.6	0.98831
699.8	0.98682
700.0	0.9841
700.2	0.98404
700.4	0.98154
700.6	0.98236
700.8	0.98199
701.0	0.98121
701.2	0.9829
701.4	0.98528
701.6	0.98491
701.8	0.98499
702.0	0.98358
702.2	0.98074
702.4	0.9814
702.6	0.98305
702.8	0.98418
703.0	0.98393
703.2	0.98452
703.4	0.98497
703.6	0.98452
703.8	0.9836
704.0	0.98185
704.2	0.97901
704.4	0.98065
704.6	0.98178
704.8	0.98286
705.0	0.98317
705.2	0.98389
705.4	0.98712
705.6	0.98807
705.8	0.98678
706.0	0.98492
706.2	0.98342
706.4	0.98504
706.6	0.98618
706.8	0.98624
707.0	0.98708
707.2	0.98802
707.4	0.98791
707.6	0.98883
707.8	0.98819
708.0	0.98746
708.2	0.98815
708.4	0.98877
708.6	0.99051
708.8	0.98842
709.0	0.98809
709.2	0.98637
709.4	0.98715
709.6	0.98601
709.8	0.9868
710.0	0.98653
710.2	0.98461
710.4	0.98369
710.6	0.98487
710.8	0.98308
711.0	0.98276
711.2	0.98334
711.4	0.98342
711.6	0.98431
711.8	0.9836
712.0	0.98256
712.2	0.9813
712.4	0.9798
712.6	0.97988
712.8	0.97988
713.0	0.97899
713.2	0.97778
713.4	0.97715
713.6	0.97705
713.8	0.97455
714.0	0.97589
714.2	0.97611
714.4	0.97742
714.6	0.97808
714.8	0.97594
715.0	0.97483
715.2	0.97422
715.4	0.97129
715.6	0.96991
715.8	0.97246
716.0	0.97114
716.2	0.96963
716.4	0.96996
716.6	0.9716
716.8	0.97209
717.0	0.97342
717.2	0.9743
717.4	0.97584
717.6	0.97647
717.8	0.97641
718.0	0.97727
718.2	0.97756
718.4	0.97698
718.6	0.97642
718.8	0.97688
719.0	0.97836
719.2	0.97836
719.4	0.97744
719.6	0.97579
719.8	0.97407
720.0	0.97603
720.2	0.97804
720.4	0.9793
720.6	0.98153
720.8	0.98172
721.0	0.98334
721.2	0.98412
721.4	0.98414
721.6	0.9846
721.8	0.988
722.0	0.98935
722.2	0.98947
722.4	0.98926
722.6	0.98746
722.8	0.9875
723.0	0.98814
723.2	0.98734
723.4	0.98821
723.6	0.98702
723.8	0.98725
724.0	0.98803
724.2	0.98651
724.4	0.98793
724.6	0.98834
724.8	0.98552
725.0	0.98659
725.2	0.98741
725.4	0.98524
725.6	0.98414
725.8	0.98215
726.0	0.98164
726.2	0.98021
726.4	0.97756
726.6	0.97568
726.8	0.97644
727.0	0.97736
727.2	0.97779
727.4	0.97638
727.6	0.97849
727.8	0.98046
728.0	0.97971
728.2	0.97967
728.4	0.97701
728.6	0.97932
728.8	0.9801
729.0	0.98094
729.2	0.9783
729.4	0.977
729.6	0.97656
729.8	0.97602
730.0	0.97711
730.2	0.97679
730.4	0.97548
730.6	0.97992
730.8	0.98167
731.0	0.98246
731.2	0.98393
731.4	0.98728
731.6	0.98675
731.8	0.98567
732.0	0.98387
732.2	0.98361
732.4	0.98356
732.6	0.98303
732.8	0.98485
733.0	0.98582
733.2	0.98699
733.4	0.9871
733.6	0.98792
733.8	0.98751
734.0	0.98662
734.2	0.98603
734.4	0.98609
734.6	0.9871
734.8	0.98706
735.0	0.98579
735.2	0.98237
735.4	0.98547
735.6	0.98498
735.8	0.98508
736.0	0.98589
736.2	0.98537
736.4	0.98707
736.6	0.98393
736.8	0.98343
737.0	0.98349
737.2	0.98434
737.4	0.98499
737.6	0.98315
737.8	0.98371
738.0	0.98505
738.2	0.98329
738.4	0.9815
738.6	0.98014
738.8	0.97901
739.0	0.97722
739.2	0.97853
739.4	0.97658
739.6	0.98096
739.8	0.98149
740.0	0.98008
740.2	0.97729
740.4	0.9761
740.6	0.9762
740.8	0.97472
741.0	0.97577
741.2	0.97458
741.4	0.97304
741.6	0.97378
741.8	0.97436
742.0	0.97307
742.2	0.9744
742.4	0.97501
742.6	0.97432
742.8	0.97369
743.0	0.97441
743.2	0.97574
743.4	0.97508
743.6	0.97423
743.8	0.97432
744.0	0.97337
744.2	0.97292
744.4	0.97357
744.6	0.97506
744.8	0.97778
745.0	0.97985
745.2	0.98316
745.4	0.98311
745.6	0.98049
745.8	0.97896
746.0	0.98023
746.2	0.98233
746.4	0.98286
746.6	0.98328
746.8	0.98531
747.0	0.98776
747.2	0.98521
747.4	0.98724
747.6	0.98825
747.8	0.98587
748.0	0.98595
748.2	0.98591
748.4	0.98513
748.6	0.98438
748.8	0.98112
749.0	0.98211
749.2	0.98406
749.4	0.98567
749.6	0.98636
749.8	0.98803
750.0	0.9856
750.2	0.98473
750.4	0.98411
750.6	0.98649
750.8	0.98806
751.0	0.98328
751.2	0.97937
751.4	0.97946
751.6	0.97995
751.8	0.9796
752.0	0.97895
752.2	0.97962
752.4	0.97847
752.6	0.97538
752.8	0.97328
753.0	0.97326
753.2	0.97464
753.4	0.97661
753.6	0.97703
753.8	0.97666
754.0	0.9764
754.2	0.9767
754.4	0.9772
754.6	0.97753
754.8	0.97486
755.0	0.97481
755.2	0.9734
755.4	0.97375
755.6	0.97435
755.8	0.97505
756.0	0.97529
756.2	0.9751
756.4	0.9756
756.6	0.97584
756.8	0.97439
757.0	0.97427
757.2	0.97258
757.4	0.97088
757.6	0.97305
757.8	0.97379
758.0	0.97565
758.2	0.97887
758.4	0.98238
758.6	0.98483
758.8	0.9857
759.0	0.98536
759.2	0.98467
759.4	0.98185
759.6	0.98238
759.8	0.98486
760.0	0.98654
760.2	0.98921
760.4	0.98947
760.6	0.98982
760.8	0.98946
761.0	0.98826
761.2	0.98629
761.4	0.98696
761.6	0.98854
761.8	0.99142
762.0	0.99135
762.2	0.99127
762.4	0.99058
762.6	0.99066
762.8	0.99099
763.0	0.99056
763.2	0.99218
763.4	0.99308
763.6	0.99218
763.8	0.99141
764.0	0.99331
764.2	0.9918
764.4	0.99003
764.6	0.98759
764.8	0.98741
765.0	0.98866
765.2	0.99159
765.4	0.99311
765.6	0.99155
765.8	0.9889
766.0	0.98586
766.2	0.98617
766.4	0.98625
766.6	0.98773
766.8	0.98653
767.0	0.9823
767.2	0.97937
767.4	0.98019
767.6	0.97916
767.8	0.98043
768.0	0.98086
768.2	0.98052
768.4	0.98226
768.6	0.98417
768.8	0.98238
769.0	0.98009
769.2	0.97909
769.4	0.97753
769.6	0.97692
769.8	0.97766
770.0	0.97725
770.2	0.97831
770.4	0.98102
770.6	0.98267
770.8	0.98113
771.0	0.98099
771.2	0.98125
771.4	0.9817
771.6	0.98429
771.8	0.98518
772.0	0.98694
772.2	0.98515
772.4	0.98512
772.6	0.98654
772.8	0.98231
773.0	0.98238
773.2	0.98438
773.4	0.98642
773.6	0.98803
773.8	0.98969
774.0	0.99297
774.2	0.99225
774.4	0.98926
774.6	0.98829
774.8	0.98523
775.0	0.98576
775.2	0.98704
775.4	0.98804
775.6	0.98759
775.8	0.98877
776.0	0.99232
776.2	0.99192
776.4	0.99211
776.6	0.9916
776.8	0.98962
777.0	0.99127
777.2	0.99211
777.4	0.99121
777.6	0.99098
777.8	0.99144
778.0	0.9896
778.2	0.99032
778.4	0.98914
778.6	0.98754
778.8	0.98881
779.0	0.98731
779.2	0.98571
779.4	0.98505
779.6	0.98507
779.8	0.98649
780.0	0.98641
780.2	0.98549
780.4	0.98552
780.6	0.98411
780.8	0.98498
781.0	0.98547
781.2	0.98591
781.4	0.98288
781.6	0.97992
781.8	0.97824
782.0	0.97847
782.2	0.9795
782.4	0.98061
782.6	0.98038
782.8	0.98212
783.0	0.98211
783.2	0.97911
783.4	0.97667
783.6	0.97982
783.8	0.98397
784.0	0.98599
784.2	0.9841
784.4	0.98261
784.6	0.98197
784.8	0.98162
785.0	0.98269
785.2	0.98221
785.4	0.97979
785.6	0.98018
785.8	0.98066
786.0	0.98152
786.2	0.98364
786.4	0.98521
786.6	0.98504
786.8	0.9846
787.0	0.9839
787.2	0.98501
787.4	0.98786
787.6	0.98917
787.8	0.98857
788.0	0.98823
788.2	0.98796
788.4	0.98747
788.6	0.98912
788.8	0.98726
789.0	0.98741
789.2	0.98817
789.4	0.98768
789.6	0.9865
789.8	0.98904
790.0	0.99183
790.2	0.99153
790.4	0.98736
790.6	0.98713
790.8	0.9894
791.0	0.99098
791.2	0.98908
791.4	0.98989
791.6	0.99118
791.8	0.98989
792.0	0.98918
792.2	0.99109
792.4	0.99277
792.6	0.9921
792.8	0.99014
793.0	0.98791
793.2	0.98476
793.4	0.98446
793.6	0.98241
793.8	0.97957
794.0	0.98167
794.2	0.98458
794.4	0.98673
794.6	0.98641
794.8	0.98582
795.0	0.98504
795.2	0.98389
795.4	0.98463
795.6	0.98449
795.8	0.9831
796.0	0.98228
796.2	0.97995
796.4	0.97898
796.6	0.97895
796.8	0.98126
797.0	0.98111
797.2	0.97985
797.4	0.97842
797.6	0.9767
797.8	0.97965
798.0	0.97889
798.2	0.9781
798.4	0.97807
798.6	0.97922
798.8	0.98114
799.0	0.98421
799.2	0.98338
799.4	0.97962
799.6	0.97536
799.8	0.97765
800.0	0.97708
800.2	0.97944
800.4	0.98195
800.6	0.98196
800.8	0.98076
801.0	0.98111
801.2	0.98248
801.4	0.98109
801.6	0.98146
801.8	0.98196
802.0	0.98256
802.2	0.98191
802.4	0.98318
802.6	0.98361
802.8	0.98515
803.0	0.988
803.2	0.99108
803.4	0.99316
803.6	0.9913
803.8	0.98845
804.0	0.98951
804.2	0.99051
804.4	0.99035
804.6	0.99019
804.8	0.9921
805.0	0.99268
