345.0	0.05867
345.2	0.07003
345.4	0.07247
345.6	0.06239
345.8	0.03793
346.0	0.01519
346.2	0.00778
346.4	0.00621
346.6	0.00626
346.8	0.00795
347.0	0.01238
347.2	0.0222
347.4	0.03161
347.6	0.03739
347.8	0.03814
348.0	0.03284
348.2	0.02189
348.4	0.01408
348.6	0.01312
348.8	0.0161
349.0	0.02144
349.2	0.024
349.4	0.02389
349.6	0.0211
349.8	0.01499
350.0	0.00872
350.2	0.00528
350.4	0.00377
350.6	0.00327
350.8	0.00294
351.0	0.00291
351.2	0.00251
351.4	0.00324
351.6	0.0044
351.8	0.00654
352.0	0.01018
352.2	0.01242
352.4	0.01442
352.6	0.01431
352.8	0.01304
353.0	0.01184
353.2	0.01078
353.4	0.01241
353.6	0.01591
353.8	0.0223
354.0	0.02795
354.2	0.03166
354.4	0.03228
354.6	0.02885
354.8	0.02406
355.0	0.02068
355.2	0.0193
355.4	0.02149
355.6	0.02532
355.8	0.0285
356.0	0.02914
356.2	0.02812
356.4	0.02462
356.6	0.01943
356.8	0.01511
357.0	0.01244
357.2	0.01062
357.4	0.01026
357.6	0.01168
357.8	0.01483
358.0	0.01915
358.2	0.02272
358.4	0.02461
358.6	0.02263
358.8	0.01961
359.0	0.01558
359.2	0.01251
359.4	0.01079
359.6	0.011
359.8	0.01284
360.0	0.01736
360.2	0.02233
360.4	0.02629
360.6	0.027
360.8	0.02495
361.0	0.0193
361.2	0.01348
361.4	0.00999
361.6	0.00825
361.8	0.00738
362.0	0.00827
362.2	0.01198
362.4	0.01653
362.6	0.01932
362.8	0.01928
363.0	0.01769
363.2	0.01376
363.4	0.00934
363.6	0.00587
363.8	0.0045
364.0	0.00362
364.2	0.00317
364.4	0.00346
364.6	0.00432
364.8	0.00636
365.0	0.00931
365.2	0.01118
365.4	0.01279
365.6	0.01307
365.8	0.01145
366.0	0.00826
366.2	0.00556
366.4	0.00418
366.6	0.00329
366.8	0.00261
367.0	0.00227
367.2	0.00257
367.4	0.00356
367.6	0.00594
367.8	0.01019
368.0	0.01498
368.2	0.0191
368.4	0.02066
368.6	0.02033
368.8	0.01765
369.0	0.01439
369.2	0.01379
369.4	0.01723
369.6	0.02168
369.8	0.02533
370.0	0.0257
370.2	0.02322
370.4	0.01764
370.6	0.01029
370.8	0.00495
371.0	0.00258
371.2	0.00198
371.4	0.00161
371.6	0.00157
371.8	0.00175
372.0	0.00242
372.2	0.00387
372.4	0.00728
372.6	0.01117
372.8	0.0138
373.0	0.01477
373.2	0.01417
373.4	0.01135
373.6	0.0085
373.8	0.00753
374.0	0.01084
374.2	0.01555
374.4	0.01767
374.6	0.0182
374.8	0.01644
375.0	0.0116
375.2	0.00563
375.4	0.00182
375.6	8.337e-04
375.8	7.681e-04
376.0	4.1007e-04
376.2	4.9267e-04
376.4	4.8281e-04
376.6	2.7419e-04
376.8	3.1232e-04
377.0	3.0778e-04
377.2	3.4256e-04
377.4	3.9849e-04
377.6	4.2105e-04
377.8	5.4069e-04
378.0	7.1167e-04
378.2	0.00163
378.4	0.00271
378.6	0.00332
378.8	0.00343
379.0	0.00322
379.2	0.00281
379.4	0.00176
379.6	9.043e-04
379.8	5.5797e-04
380.0	4.4896e-04
380.2	2.5816e-04
380.4	4.5237e-04
380.6	3.9539e-04
380.8	4.3955e-04
381.0	3.4357e-04
381.2	3.7819e-04
381.4	5.2788e-04
381.6	7.2643e-04
381.8	0.00114
382.0	0.0021
382.2	0.00275
382.4	0.00341
382.6	0.00363
382.8	0.00365
383.0	0.00334
383.2	0.00287
383.4	0.0027
383.6	0.00391
383.8	0.00792
384.0	0.01285
384.2	0.01607
384.4	0.01742
384.6	0.01752
384.8	0.01563
385.0	0.0107
385.2	0.00569
385.4	0.00249
385.6	0.00128
385.8	8.3311e-04
386.0	7.47e-04
386.2	5.5145e-04
386.4	5.6301e-04
386.6	5.9457e-04
386.8	7.1551e-04
387.0	9.9075e-04
387.2	0.00142
387.4	0.00264
387.6	0.00586
387.8	0.01053
388.0	0.01469
388.2	0.0174
388.4	0.0183
388.6	0.01816
388.8	0.01584
389.0	0.01233
389.2	0.00956
389.4	0.0099
389.6	0.01348
389.8	0.01839
390.0	0.02164
390.2	0.023
390.4	0.02259
390.6	0.02017
390.8	0.01523
391.0	0.00957
391.2	0.00541
391.4	0.00344
391.6	0.00243
391.8	0.00234
392.0	0.00259
392.2	0.00368
392.4	0.00492
392.6	0.00857
392.8	0.01312
393.0	0.01696
393.2	0.01896
393.4	0.01951
393.6	0.01776
393.8	0.01563
394.0	0.01131
394.2	0.00767
394.4	0.00571
394.6	0.00554
394.8	0.00579
395.0	0.00896
395.2	0.01459
395.4	0.01958
395.6	0.02267
395.8	0.02322
396.0	0.02286
396.2	0.02
396.4	0.015
396.6	0.00921
396.8	0.00555
397.0	0.00341
397.2	0.00258
397.4	0.00268
397.6	0.00255
397.8	0.00345
398.0	0.00547
398.2	0.00913
398.4	0.0127
398.6	0.01489
398.8	0.01585
399.0	0.01528
399.2	0.01352
399.4	0.0107
399.6	0.00686
399.8	0.00389
400.0	0.00275
400.2	0.00227
400.4	0.00202
400.6	0.00177
400.8	0.00238
401.0	0.00357
401.2	0.00655
401.4	0.01014
401.6	0.01285
401.8	0.01383
402.0	0.01353
402.2	0.01233
402.4	0.01017
402.6	0.00686
402.8	0.00357
403.0	0.00179
403.2	0.00121
403.4	9.9111e-04
403.6	7.743e-04
403.8	9.508e-04
404.0	6.5908e-04
404.2	6.5891e-04
404.4	7.7153e-04
404.6	9.8138e-04
404.8	0.00155
405.0	0.00232
405.2	0.00432
405.4	0.00692
405.6	0.00839
405.8	0.00924
406.0	0.00963
406.2	0.00865
406.4	0.00723
406.6	0.00524
406.8	0.00341
407.0	0.00194
407.2	0.00152
407.4	0.0012
407.6	9.8832e-04
407.8	9.7158e-04
408.0	9.148e-04
408.2	0.00121
408.4	0.00126
408.6	0.00133
408.8	0.00169
409.0	0.00244
409.2	0.00329
409.4	0.00522
409.6	0.00839
409.8	0.01298
410.0	0.01685
410.2	0.01985
410.4	0.02128
410.6	0.02097
410.8	0.01933
411.0	0.01624
411.2	0.01222
411.4	0.00815
411.6	0.00558
411.8	0.00406
412.0	0.00314
412.2	0.00249
412.4	0.00218
412.6	0.00197
412.8	0.00171
413.0	0.00177
413.2	0.00195
413.4	0.00209
413.6	0.00232
413.8	0.00331
414.0	0.005
414.2	0.00704
414.4	0.00906
414.6	0.0106
414.8	0.01129
415.0	0.01126
415.2	0.0105
415.4	0.00873
415.6	0.00604
415.8	0.00358
416.0	0.00216
416.2	0.00144
416.4	0.00106
416.6	9.4863e-04
416.8	8.3484e-04
417.0	6.7337e-04
417.2	7.3287e-04
417.4	7.1463e-04
417.6	8.245e-04
417.8	9.9244e-04
418.0	9.6865e-04
418.2	0.00131
418.4	0.00177
418.6	0.00254
418.8	0.00422
419.0	0.00612
419.2	0.00793
419.4	0.00928
419.6	0.01024
419.8	0.01088
420.0	0.01132
420.2	0.01101
420.4	0.00993
420.6	0.00851
420.8	0.00753
421.0	0.0067
421.2	0.00634
421.4	0.0057
421.6	0.00554
421.8	0.00584
422.0	0.00704
422.2	0.00875
422.4	0.01088
422.6	0.01308
422.8	0.01433
423.0	0.01514
423.2	0.0154
423.4	0.01521
423.6	0.01423
423.8	0.01268
424.0	0.01124
424.2	0.0098
424.4	0.00912
424.6	0.00876
424.8	0.00918
425.0	0.01114
425.2	0.01552
425.4	0.02113
425.6	0.02557
425.8	0.02808
426.0	0.02876
426.2	0.02829
426.4	0.02632
426.6	0.02281
426.8	0.01759
427.0	0.0114
427.2	0.00824
427.4	0.00698
427.6	0.00512
427.8	0.00306
428.0	0.00195
428.2	0.00168
428.4	0.00163
428.6	0.00163
428.8	0.00174
429.0	0.00185
429.2	0.00231
429.4	0.00292
429.6	0.00408
429.8	0.00575
430.0	0.00858
430.2	0.0123
430.4	0.01634
430.6	0.01966
430.8	0.02211
431.0	0.02353
431.2	0.02377
431.4	0.02246
431.6	0.02007
431.8	0.01691
432.0	0.0141
432.2	0.01214
432.4	0.01115
432.6	0.01099
432.8	0.01174
433.0	0.01368
433.2	0.01649
433.4	0.02021
433.6	0.02427
433.8	0.0279
434.0	0.0307
434.2	0.03243
434.4	0.03289
434.6	0.03172
434.8	0.02951
435.0	0.02652
435.2	0.02386
435.4	0.02136
435.6	0.02024
435.8	0.02029
436.0	0.02184
436.2	0.02565
436.4	0.03143
436.6	0.03841
436.8	0.04456
437.0	0.04871
437.2	0.04988
437.4	0.04841
437.6	0.04425
437.8	0.03812
438.0	0.03017
438.2	0.02183
438.4	0.01537
438.6	0.01127
438.8	0.0088
439.0	0.00733
439.2	0.00657
439.4	0.00602
439.6	0.00584
439.8	0.0059
440.0	0.00649
440.2	0.00753
440.4	0.00901
440.6	0.01126
440.8	0.01435
441.0	0.0185
441.2	0.02375
441.4	0.02871
441.6	0.03312
441.8	0.03595
442.0	0.03732
442.2	0.0367
442.4	0.03467
442.6	0.03145
442.8	0.02731
443.0	0.02348
443.2	0.02067
443.4	0.019
443.6	0.01866
443.8	0.01933
444.0	0.02152
444.2	0.02496
444.4	0.02993
444.6	0.03559
444.8	0.04011
445.0	0.04313
445.2	0.04392
445.4	0.04249
445.6	0.03918
445.8	0.03376
446.0	0.02753
446.2	0.02157
446.4	0.01649
446.6	0.01284
446.8	0.01041
447.0	0.0088
447.2	0.00787
447.4	0.00713
447.6	0.00687
447.8	0.0067
448.0	0.00683
448.2	0.00729
448.4	0.00786
448.6	0.00887
448.8	0.01003
449.0	0.01163
449.2	0.01357
449.4	0.01598
449.6	0.01857
449.8	0.02067
450.0	0.02247
450.2	0.02339
450.4	0.02363
450.6	0.02315
450.8	0.02178
451.0	0.01975
451.2	0.01739
451.4	0.015
451.6	0.01281
451.8	0.01087
452.0	0.00917
452.2	0.00768
452.4	0.00663
452.6	0.00566
452.8	0.0049
453.0	0.00427
453.2	0.0038
453.4	0.00328
453.6	0.00298
453.8	0.00267
454.0	0.0024
454.2	0.00229
454.4	0.00217
454.6	0.00209
454.8	0.002
455.0	0.00199
455.2	0.00199
455.4	0.0021
455.6	0.00222
455.8	0.00233
456.0	0.00263
456.2	0.00297
456.4	0.00357
456.6	0.00455
456.8	0.00598
457.0	0.00807
457.2	0.01066
457.4	0.01347
457.6	0.01582
457.8	0.01733
458.0	0.01793
458.2	0.01742
458.4	0.01603
458.6	0.01365
458.8	0.01099
459.0	0.00842
459.2	0.00644
459.4	0.00505
459.6	0.00409
459.8	0.0035
460.0	0.00304
460.2	0.00282
460.4	0.00262
460.6	0.00249
460.8	0.00242
461.0	0.00242
461.2	0.00258
461.4	0.00307
461.6	0.00366
461.8	0.00395
462.0	0.00423
462.2	0.00442
462.4	0.00454
462.6	0.00454
462.8	0.00436
463.0	0.00399
463.2	0.00342
463.4	0.0032
463.6	0.00337
463.8	0.00395
464.0	0.00514
464.2	0.00745
464.4	0.01128
464.6	0.01499
464.8	0.01797
465.0	0.01939
465.2	0.0198
465.4	0.01874
465.6	0.01615
465.8	0.01237
466.0	0.00783
466.2	0.00422
466.4	0.00222
466.6	0.00132
466.8	9.1056e-04
467.0	6.0868e-04
467.2	5.3478e-04
467.4	4.4059e-04
467.6	3.4848e-04
467.8	3.7607e-04
468.0	1.6411e-04
468.2	1.5397e-04
468.4	9.8445e-05
468.6	1.0437e-04
468.8	9.2094e-05
469.0	7.4373e-05
469.2	8.6253e-05
469.4	7.6878e-05
469.6	6.0658e-05
469.8	7.6848e-05
470.0	5.3583e-05
470.2	5.4563e-05
470.4	5.3019e-05
470.6	1.049e-04
470.8	1.7467e-04
471.0	1.5292e-04
471.2	1.4959e-04
471.4	1.7251e-04
471.6	1.4546e-04
471.8	1.2477e-04
472.0	1.5824e-04
472.2	1.2808e-04
472.4	1.2675e-04
472.6	1.1589e-04
472.8	1.3111e-04
473.0	1.1036e-04
473.2	1.1963e-04
473.4	1.2773e-04
473.6	1.0745e-04
473.8	1.2512e-04
474.0	1.2484e-04
474.2	1.2969e-04
474.4	1.6037e-04
474.6	1.1378e-04
474.8	1.488e-04
475.0	1.3592e-04
475.2	1.6655e-04
475.4	1.6926e-04
475.6	1.5523e-04
475.8	1.6634e-04
476.0	2.1051e-04
476.2	2.4458e-04
476.4	2.9176e-04
476.6	3.0545e-04
476.8	3.1019e-04
477.0	3.0038e-04
477.2	3.2448e-04
477.4	3.763e-04
477.6	3.7574e-04
477.8	4.3047e-04
478.0	4.4049e-04
478.2	4.8214e-04
478.4	5.2843e-04
478.6	6.1088e-04
478.8	6.0302e-04
479.0	6.7296e-04
479.2	7.2458e-04
479.4	7.7647e-04
479.6	8.216e-04
479.8	8.64e-04
480.0	9.0067e-04
480.2	9.7029e-04
480.4	0.00103
480.6	0.00103
480.8	0.00109
481.0	0.00114
481.2	0.00121
481.4	0.0012
481.6	0.00122
481.8	0.00123
482.0	0.00127
482.2	0.00127
482.4	0.00136
482.6	0.0013
482.8	0.00138
483.0	0.00142
483.2	0.00145
483.4	0.00147
483.6	0.00157
483.8	0.00169
484.0	0.00176
484.2	0.00183
484.4	0.00192
484.6	0.00204
484.8	0.00214
485.0	0.0023
485.2	0.00238
485.4	0.00257
485.6	0.00267
485.8	0.00281
486.0	0.00288
486.2	0.00307
486.4	0.00318
486.6	0.00323
486.8	0.00335
487.0	0.0034
487.2	0.00346
487.4	0.00351
487.6	0.00358
487.8	0.00368
488.0	0.00373
488.2	0.00379
488.4	0.00385
488.6	0.0039
488.8	0.00401
489.0	0.00413
489.2	0.00433
489.4	0.00452
489.6	0.00472
489.8	0.00502
490.0	0.00529
490.2	0.00577
490.4	0.00628
490.6	0.00689
490.8	0.00762
491.0	0.0085
491.2	0.0094
491.4	0.01073
491.6	0.01231
491.8	0.0143
492.0	0.01679
492.2	0.01967
492.4	0.02342
492.6	0.02812
492.8	0.03509
493.0	0.04297
493.2	0.05328
493.4	0.06604
493.6	0.08223
493.8	0.1022
494.0	0.12571
494.2	0.15343
494.4	0.18433
494.6	0.21915
494.8	0.25585
495.0	0.29256
495.2	0.3289
495.4	0.36271
495.6	0.39553
495.8	0.42262
496.0	0.44437
496.2	0.4621
496.4	0.4742
496.6	0.48368
496.8	0.49
497.0	0.49295
497.2	0.49548
497.4	0.49608
497.6	0.49727
497.8	0.49751
498.0	0.49871
498.2	0.49908
498.4	0.50048
498.6	0.50273
498.8	0.5035
499.0	0.50473
499.2	0.50671
499.4	0.50807
499.6	0.51032
499.8	0.51251
500.0	0.51546
500.2	0.51907
500.4	0.52642
500.6	0.53724
500.8	0.551
501.0	0.5729
501.2	0.60014
501.4	0.63333
501.6	0.6713
501.8	0.71408
502.0	0.75937
502.2	0.80335
502.4	0.84269
502.6	0.87844
502.8	0.90801
503.0	0.93008
503.2	0.94766
503.4	0.95908
503.6	0.96512
503.8	0.96825
504.0	0.97109
504.2	0.97155
504.4	0.97115
504.6	0.97058
504.8	0.96831
505.0	0.96756
505.2	0.96781
505.4	0.96611
505.6	0.96719
505.8	0.9684
506.0	0.97053
506.2	0.9723
506.4	0.9754
506.6	0.97398
506.8	0.97756
507.0	0.9783
507.2	0.97899
507.4	0.97791
507.6	0.97934
507.8	0.97863
508.0	0.97857
508.2	0.97801
508.4	0.97516
508.6	0.97346
508.8	0.97214
509.0	0.97196
509.2	0.96937
509.4	0.96791
509.6	0.96823
509.8	0.96647
510.0	0.96622
510.2	0.96678
510.4	0.96793
510.6	0.96839
510.8	0.96827
511.0	0.96608
511.2	0.96785
511.4	0.96739
511.6	0.96696
511.8	0.9657
512.0	0.96523
512.2	0.96682
512.4	0.96641
512.6	0.96641
512.8	0.96568
513.0	0.96599
513.2	0.96641
513.4	0.96574
513.6	0.96474
513.8	0.9654
514.0	0.9649
514.2	0.96433
514.4	0.96357
514.6	0.9629
514.8	0.963
515.0	0.96272
515.2	0.9608
515.4	0.96046
515.6	0.96047
515.8	0.95996
516.0	0.95773
516.2	0.95787
516.4	0.95745
516.6	0.95797
516.8	0.95691
517.0	0.95802
517.2	0.95828
517.4	0.96047
517.6	0.96088
517.8	0.96221
518.0	0.96312
518.2	0.96586
518.4	0.96799
518.6	0.97107
518.8	0.97305
519.0	0.97509
519.2	0.97611
519.4	0.97742
519.6	0.98078
519.8	0.98216
520.0	0.98171
520.2	0.98189
520.4	0.9803
520.6	0.97926
520.8	0.97773
521.0	0.97779
521.2	0.97901
521.4	0.97636
521.6	0.97593
521.8	0.97495
522.0	0.97247
522.2	0.97266
522.4	0.97342
522.6	0.97264
522.8	0.97136
523.0	0.97152
523.2	0.972
523.4	0.97268
523.6	0.9754
523.8	0.97484
524.0	0.97528
524.2	0.97334
524.4	0.97629
524.6	0.97632
524.8	0.97757
525.0	0.97838
525.2	0.97962
525.4	0.97995
525.6	0.97862
525.8	0.97631
526.0	0.97562
526.2	0.97459
526.4	0.97467
526.6	0.97398
526.8	0.97489
527.0	0.97333
527.2	0.97412
527.4	0.97111
527.6	0.96972
527.8	0.96956
528.0	0.97033
528.2	0.96867
528.4	0.9665
528.6	0.96628
528.8	0.96639
529.0	0.96834
529.2	0.96941
529.4	0.96784
529.6	0.96711
529.8	0.96787
530.0	0.96652
530.2	0.96774
530.4	0.96832
530.6	0.96661
530.8	0.96679
531.0	0.96994
531.2	0.97054
531.4	0.97101
531.6	0.97179
531.8	0.97095
532.0	0.97197
532.2	0.97322
532.4	0.97179
532.6	0.97275
532.8	0.97275
533.0	0.97298
533.2	0.97139
533.4	0.97236
533.6	0.97469
533.8	0.97527
534.0	0.97485
534.2	0.97358
534.4	0.97317
534.6	0.97128
534.8	0.97151
535.0	0.97198
535.2	0.97258
535.4	0.97257
535.6	0.97082
535.8	0.97011
536.0	0.97229
536.2	0.97399
536.4	0.97551
536.6	0.97496
536.8	0.975
537.0	0.97382
537.2	0.97503
537.4	0.97424
537.6	0.97538
537.8	0.9765
538.0	0.97589
538.2	0.97586
538.4	0.97504
538.6	0.9753
538.8	0.97463
539.0	0.97457
539.2	0.97381
539.4	0.9719
539.6	0.97103
539.8	0.97182
540.0	0.97138
540.2	0.97099
540.4	0.9693
540.6	0.96786
540.8	0.96684
541.0	0.96608
541.2	0.96418
541.4	0.96356
541.6	0.9645
541.8	0.9626
542.0	0.96294
542.2	0.9631
542.4	0.96421
542.6	0.96342
542.8	0.96434
543.0	0.96427
543.2	0.96421
543.4	0.96348
543.6	0.96157
543.8	0.96193
544.0	0.96137
544.2	0.95887
544.4	0.96071
544.6	0.96037
544.8	0.96019
545.0	0.95977
545.2	0.95633
545.4	0.95444
545.6	0.95168
545.8	0.94957
546.0	0.94854
546.2	0.94687
546.4	0.94724
546.6	0.9469
546.8	0.94776
547.0	0.94618
547.2	0.94669
547.4	0.94771
547.6	0.9483
547.8	0.95053
548.0	0.95064
548.2	0.94711
548.4	0.94305
548.6	0.93515
548.8	0.92198
549.0	0.90556
549.2	0.87969
549.4	0.84301
549.6	0.7992
549.8	0.74852
550.0	0.69297
550.2	0.63195
550.4	0.56864
550.6	0.50381
550.8	0.44011
551.0	0.37906
551.2	0.32351
551.4	0.27295
551.6	0.22883
551.8	0.1909
552.0	0.15938
552.2	0.13267
552.4	0.11099
552.6	0.09246
552.8	0.07693
553.0	0.0646
553.2	0.05473
553.4	0.04645
553.6	0.03975
553.8	0.03415
554.0	0.02945
554.2	0.02559
554.4	0.0224
554.6	0.01969
554.8	0.01739
555.0	0.01539
555.2	0.01378
555.4	0.0124
555.6	0.01109
555.8	0.01004
556.0	0.00913
556.2	0.00836
556.4	0.00765
556.6	0.00699
556.8	0.00638
557.0	0.00595
557.2	0.00551
557.4	0.00511
557.6	0.0048
557.8	0.00454
558.0	0.00426
558.2	0.00403
558.4	0.00377
558.6	0.00359
558.8	0.00343
559.0	0.00336
559.2	0.00315
559.4	0.00302
559.6	0.00293
559.8	0.00285
560.0	0.00276
560.2	0.00267
560.4	0.0026
560.6	0.00254
560.8	0.00249
561.0	0.00249
561.2	0.00245
561.4	0.00243
561.6	0.0024
561.8	0.00236
562.0	0.00235
562.2	0.00237
562.4	0.0024
562.6	0.00242
562.8	0.00245
563.0	0.00247
563.2	0.00248
563.4	0.00255
563.6	0.0026
563.8	0.00267
564.0	0.00276
564.2	0.0028
564.4	0.00288
564.6	0.00298
564.8	0.00311
565.0	0.00326
565.2	0.00338
565.4	0.00356
565.6	0.00374
565.8	0.00394
566.0	0.00417
566.2	0.00438
566.4	0.00464
566.6	0.00494
566.8	0.00529
567.0	0.00566
567.2	0.00612
567.4	0.00663
567.6	0.00716
567.8	0.00781
568.0	0.00847
568.2	0.00939
568.4	0.01032
568.6	0.01139
568.8	0.01249
569.0	0.01399
569.2	0.01566
569.4	0.01748
569.6	0.01973
569.8	0.02231
570.0	0.02526
570.2	0.02882
570.4	0.03294
570.6	0.03776
570.8	0.04391
571.0	0.05058
571.2	0.05852
571.4	0.06774
571.6	0.07886
571.8	0.09186
572.0	0.10684
572.2	0.12334
572.4	0.14218
572.6	0.16241
572.8	0.18457
573.0	0.20863
573.2	0.23471
573.4	0.26142
573.6	0.28833
573.8	0.31567
574.0	0.34257
574.2	0.36821
574.4	0.39128
574.6	0.41253
574.8	0.43078
575.0	0.44762
575.2	0.46021
575.4	0.47068
575.6	0.47975
575.8	0.48498
576.0	0.48746
576.2	0.49076
576.4	0.49199
576.6	0.49401
576.8	0.49536
577.0	0.49534
577.2	0.49593
577.4	0.49736
577.6	0.49738
577.8	0.49885
578.0	0.50168
578.2	0.5043
578.4	0.50724
578.6	0.50947
578.8	0.51277
579.0	0.51819
579.2	0.5239
579.4	0.52959
579.6	0.53873
579.8	0.54782
580.0	0.56022
580.2	0.57428
580.4	0.58918
580.6	0.60754
580.8	0.63
581.0	0.65416
581.2	0.67938
581.4	0.70535
581.6	0.73453
581.8	0.76244
582.0	0.79158
582.2	0.81865
582.4	0.84474
582.6	0.86782
582.8	0.88964
583.0	0.90804
583.2	0.92289
583.4	0.93564
583.6	0.9447
583.8	0.9514
584.0	0.95744
584.2	0.95996
584.4	0.96417
584.6	0.96664
584.8	0.96749
585.0	0.97041
585.2	0.97135
585.4	0.97094
585.6	0.96917
585.8	0.96952
586.0	0.97133
586.2	0.9716
586.4	0.97143
586.6	0.97207
586.8	0.97279
587.0	0.97491
587.2	0.97418
587.4	0.97563
587.6	0.9778
587.8	0.98006
588.0	0.97956
588.2	0.9816
588.4	0.98398
588.6	0.98629
588.8	0.98524
589.0	0.98522
589.2	0.98673
589.4	0.98814
589.6	0.98972
589.8	0.98898
590.0	0.99025
590.2	0.98972
590.4	0.98657
590.6	0.98563
590.8	0.98594
591.0	0.98257
591.2	0.98192
591.4	0.98037
591.6	0.98054
591.8	0.97891
592.0	0.97778
592.2	0.97898
592.4	0.9763
592.6	0.9745
592.8	0.97436
593.0	0.9737
593.2	0.97509
593.4	0.97549
593.6	0.97432
593.8	0.97537
594.0	0.97636
594.2	0.9779
594.4	0.97792
594.6	0.97575
594.8	0.97499
595.0	0.97891
595.2	0.97731
595.4	0.97723
595.6	0.97813
595.8	0.97768
596.0	0.97806
596.2	0.97696
596.4	0.97726
596.6	0.97606
596.8	0.97443
597.0	0.97624
597.2	0.9731
597.4	0.97307
597.6	0.97141
597.8	0.96893
598.0	0.96606
598.2	0.96581
598.4	0.96598
598.6	0.96528
598.8	0.96383
599.0	0.96346
599.2	0.96184
599.4	0.96292
599.6	0.96388
599.8	0.96292
600.0	0.96395
600.2	0.96507
600.4	0.96542
600.6	0.96599
600.8	0.96822
601.0	0.97084
601.2	0.97159
601.4	0.97202
601.6	0.97323
601.8	0.97429
602.0	0.976
602.2	0.97805
602.4	0.97791
602.6	0.97836
602.8	0.97764
603.0	0.97978
603.2	0.98188
603.4	0.98202
603.6	0.98072
603.8	0.98142
604.0	0.98077
604.2	0.98033
604.4	0.98175
604.6	0.97993
604.8	0.97934
605.0	0.97818
605.2	0.97889
605.4	0.98024
605.6	0.98028
605.8	0.97998
606.0	0.979
606.2	0.97826
606.4	0.97729
606.6	0.97655
606.8	0.97504
607.0	0.97553
607.2	0.97795
607.4	0.97947
607.6	0.978
607.8	0.97668
608.0	0.9771
608.2	0.97728
608.4	0.97818
608.6	0.9791
608.8	0.97767
609.0	0.97784
609.2	0.97894
609.4	0.97807
609.6	0.97918
609.8	0.9806
610.0	0.98129
610.2	0.98103
610.4	0.98109
610.6	0.97998
610.8	0.97841
611.0	0.97697
611.2	0.9772
611.4	0.97908
611.6	0.97877
611.8	0.97758
612.0	0.9769
612.2	0.97596
612.4	0.97568
612.6	0.97457
612.8	0.97382
613.0	0.97163
613.2	0.97177
613.4	0.97332
613.6	0.97311
613.8	0.97185
614.0	0.97141
614.2	0.97343
614.4	0.9736
614.6	0.97351
614.8	0.9723
615.0	0.97283
615.2	0.97233
615.4	0.97192
615.6	0.97207
615.8	0.97293
616.0	0.97339
616.2	0.97307
616.4	0.97349
616.6	0.9723
616.8	0.97178
617.0	0.97183
617.2	0.97157
617.4	0.97429
617.6	0.97477
617.8	0.97315
618.0	0.9717
618.2	0.97219
618.4	0.9732
618.6	0.97343
618.8	0.9737
619.0	0.97352
619.2	0.97304
619.4	0.97408
619.6	0.97648
619.8	0.97795
620.0	0.97843
620.2	0.97962
620.4	0.98072
620.6	0.98092
620.8	0.98062
621.0	0.98031
621.2	0.98115
621.4	0.98389
621.6	0.98295
621.8	0.9854
622.0	0.98526
622.2	0.98552
622.4	0.98509
622.6	0.98477
622.8	0.98648
623.0	0.98887
623.2	0.99094
623.4	0.99273
623.6	0.99214
623.8	0.99089
624.0	0.9923
624.2	0.99061
624.4	0.99084
624.6	0.9901
624.8	0.98882
625.0	0.99031
625.2	0.98975
625.4	0.98975
625.6	0.99117
625.8	0.98941
626.0	0.98638
626.2	0.98679
626.4	0.98526
626.6	0.98518
626.8	0.98518
627.0	0.98347
627.2	0.98434
627.4	0.98352
627.6	0.98041
627.8	0.98134
628.0	0.98049
628.2	0.97953
628.4	0.97999
628.6	0.97973
628.8	0.97975
629.0	0.97975
629.2	0.97872
629.4	0.97927
629.6	0.97887
629.8	0.97844
630.0	0.97837
630.2	0.97792
630.4	0.97951
630.6	0.97921
630.8	0.97979
631.0	0.98037
631.2	0.98143
631.4	0.98146
631.6	0.98094
631.8	0.98238
632.0	0.98204
632.2	0.98245
632.4	0.98359
632.6	0.98398
632.8	0.98297
633.0	0.98052
633.2	0.98038
633.4	0.98097
633.6	0.9801
633.8	0.98048
634.0	0.98284
634.2	0.98257
634.4	0.98148
634.6	0.98078
634.8	0.98116
635.0	0.98083
635.2	0.97967
635.4	0.9786
635.6	0.97893
635.8	0.9776
636.0	0.97628
636.2	0.97579
636.4	0.97638
636.6	0.97641
636.8	0.97667
637.0	0.97811
637.2	0.97726
637.4	0.97699
637.6	0.9775
637.8	0.97682
638.0	0.97778
638.2	0.97957
638.4	0.97914
638.6	0.97807
638.8	0.97691
639.0	0.97769
639.2	0.97856
639.4	0.97875
639.6	0.97892
639.8	0.98002
640.0	0.97953
640.2	0.98083
640.4	0.98099
640.6	0.98017
640.8	0.98046
641.0	0.97828
641.2	0.97696
641.4	0.97821
641.6	0.97812
641.8	0.97793
642.0	0.97886
642.2	0.97767
642.4	0.97763
642.6	0.97608
642.8	0.97445
643.0	0.97291
643.2	0.97222
643.4	0.97126
643.6	0.9708
643.8	0.97036
644.0	0.97191
644.2	0.97145
644.4	0.97102
644.6	0.97001
644.8	0.96842
645.0	0.96829
645.2	0.96611
645.4	0.96531
645.6	0.96454
645.8	0.96461
646.0	0.96557
646.2	0.96466
646.4	0.96401
646.6	0.96496
646.8	0.96349
647.0	0.96356
647.2	0.96498
647.4	0.9634
647.6	0.96244
647.8	0.96194
648.0	0.96255
648.2	0.96405
648.4	0.96381
648.6	0.96378
648.8	0.96351
649.0	0.96403
649.2	0.96537
649.4	0.96684
649.6	0.96679
649.8	0.96678
650.0	0.96558
650.2	0.96465
650.4	0.96347
650.6	0.96301
650.8	0.96331
651.0	0.96446
651.2	0.96363
651.4	0.96345
651.6	0.96353
651.8	0.96076
652.0	0.96055
652.2	0.96075
652.4	0.95981
652.6	0.95843
652.8	0.95653
653.0	0.95584
653.2	0.954
653.4	0.95489
653.6	0.95301
653.8	0.95232
654.0	0.95401
654.2	0.95378
654.4	0.95243
654.6	0.9516
654.8	0.95186
655.0	0.95136
655.2	0.95042
655.4	0.95147
655.6	0.95188
655.8	0.9506
656.0	0.95189
656.2	0.9534
656.4	0.95508
656.6	0.9547
656.8	0.95456
657.0	0.95553
657.2	0.95896
657.4	0.95813
657.6	0.95882
657.8	0.96091
658.0	0.96273
658.2	0.96453
658.4	0.96445
658.6	0.96565
658.8	0.96821
659.0	0.96774
659.2	0.96987
659.4	0.97017
659.6	0.96897
659.8	0.96847
660.0	0.9669
660.2	0.9678
660.4	0.96808
660.6	0.96976
660.8	0.97127
661.0	0.97464
661.2	0.97404
661.4	0.97334
661.6	0.97655
661.8	0.97832
662.0	0.97827
662.2	0.97834
662.4	0.97754
662.6	0.97627
662.8	0.97684
663.0	0.97566
663.2	0.97514
663.4	0.97478
663.6	0.97295
663.8	0.9739
664.0	0.97531
664.2	0.97508
664.4	0.97763
664.6	0.97684
664.8	0.97602
665.0	0.97648
665.2	0.97703
665.4	0.97817
665.6	0.97734
665.8	0.97616
666.0	0.97583
666.2	0.9765
666.4	0.97779
666.6	0.97765
666.8	0.97913
667.0	0.97835
667.2	0.97781
667.4	0.9787
667.6	0.97909
667.8	0.97871
668.0	0.97752
668.2	0.97943
668.4	0.97948
668.6	0.97873
668.8	0.9795
669.0	0.97946
669.2	0.97882
669.4	0.9779
669.6	0.97762
669.8	0.97912
670.0	0.97773
670.2	0.97595
670.4	0.97493
670.6	0.97438
670.8	0.97239
671.0	0.97187
671.2	0.97257
671.4	0.97218
671.6	0.96965
671.8	0.96817
672.0	0.96976
672.2	0.96915
672.4	0.96653
672.6	0.96468
672.8	0.96352
673.0	0.9616
673.2	0.96039
673.4	0.95831
673.6	0.95657
673.8	0.95553
674.0	0.95605
674.2	0.95552
674.4	0.95417
674.6	0.9551
674.8	0.95513
675.0	0.95508
675.2	0.95538
675.4	0.95387
675.6	0.95399
675.8	0.95292
676.0	0.95242
676.2	0.95564
676.4	0.95678
676.6	0.95658
676.8	0.95736
677.0	0.95661
677.2	0.95673
677.4	0.95704
677.6	0.95539
677.8	0.95745
678.0	0.95953
678.2	0.96201
678.4	0.96219
678.6	0.96252
678.8	0.96524
679.0	0.96561
679.2	0.96816
679.4	0.97057
679.6	0.96962
679.8	0.96931
680.0	0.969
680.2	0.96978
680.4	0.97074
680.6	0.97288
680.8	0.97431
681.0	0.97481
681.2	0.97544
681.4	0.97649
681.6	0.97353
681.8	0.9738
682.0	0.97308
682.2	0.97324
682.4	0.97549
682.6	0.97623
682.8	0.97456
683.0	0.97559
683.2	0.97397
683.4	0.97339
683.6	0.97354
683.8	0.97385
684.0	0.97486
684.2	0.97535
684.4	0.97555
684.6	0.97631
684.8	0.97458
685.0	0.9735
685.2	0.97132
685.4	0.97078
685.6	0.97216
685.8	0.97101
686.0	0.97134
686.2	0.97163
686.4	0.97287
686.6	0.97265
686.8	0.97173
687.0	0.97071
687.2	0.96932
687.4	0.96938
687.6	0.97038
687.8	0.971
688.0	0.97112
688.2	0.97206
688.4	0.97212
688.6	0.97306
688.8	0.97145
689.0	0.97128
689.2	0.97348
689.4	0.97344
689.6	0.97407
689.8	0.97522
690.0	0.97611
690.2	0.97589
690.4	0.97494
690.6	0.97645
690.8	0.97592
691.0	0.97384
691.2	0.97521
691.4	0.9762
691.6	0.97666
691.8	0.9752
692.0	0.97399
692.2	0.97514
692.4	0.97589
692.6	0.97687
692.8	0.97635
693.0	0.97567
693.2	0.97682
693.4	0.97613
693.6	0.97662
693.8	0.97542
694.0	0.97751
694.2	0.98005
694.4	0.98144
694.6	0.98104
694.8	0.98085
695.0	0.97898
695.2	0.98167
695.4	0.98264
695.6	0.98336
695.8	0.98212
696.0	0.98212
696.2	0.97969
696.4	0.97856
696.6	0.97983
696.8	0.97974
697.0	0.97707
697.2	0.97764
697.4	0.97827
697.6	0.97829
697.8	0.97547
698.0	0.97437
698.2	0.97504
698.4	0.97406
698.6	0.97343
698.8	0.97347
699.0	0.97358
699.2	0.97343
699.4	0.97364
699.6	0.97311
699.8	0.97318
700.0	0.97404
700.2	0.97441
700.4	0.97428
700.6	0.97336
700.8	0.97137
701.0	0.97052
701.2	0.97212
701.4	0.9706
701.6	0.96997
701.8	0.97014
702.0	0.96927
702.2	0.96731
702.4	0.96698
702.6	0.9674
702.8	0.96611
703.0	0.96593
703.2	0.96562
703.4	0.96612
703.6	0.96664
703.8	0.965
704.0	0.96458
704.2	0.96516
704.4	0.96827
704.6	0.96912
704.8	0.96943
705.0	0.97064
705.2	0.96978
705.4	0.96846
705.6	0.96912
705.8	0.97067
706.0	0.96989
706.2	0.96843
706.4	0.96809
706.6	0.96606
706.8	0.9669
707.0	0.9675
707.2	0.96597
707.4	0.96813
707.6	0.9685
707.8	0.96816
708.0	0.96833
708.2	0.96793
708.4	0.96823
708.6	0.96875
708.8	0.96811
709.0	0.96979
709.2	0.97161
709.4	0.97216
709.6	0.97225
709.8	0.97315
710.0	0.97413
710.2	0.97376
710.4	0.97386
710.6	0.97404
710.8	0.97575
711.0	0.97449
711.2	0.97443
711.4	0.97465
711.6	0.97564
711.8	0.97506
712.0	0.97667
712.2	0.9783
712.4	0.97786
712.6	0.97571
712.8	0.97722
713.0	0.97781
713.2	0.97769
713.4	0.97647
713.6	0.97581
713.8	0.97641
714.0	0.97841
714.2	0.97811
714.4	0.97869
714.6	0.97994
714.8	0.97976
715.0	0.97765
715.2	0.97955
715.4	0.98142
715.6	0.98356
715.8	0.98254
716.0	0.98221
716.2	0.9806
716.4	0.97835
716.6	0.97746
716.8	0.97911
717.0	0.98123
717.2	0.9819
717.4	0.98147
717.6	0.98166
717.8	0.98207
718.0	0.97986
718.2	0.98024
718.4	0.97887
718.6	0.97828
718.8	0.97671
719.0	0.97835
719.2	0.97894
719.4	0.978
719.6	0.97728
719.8	0.97684
720.0	0.97655
720.2	0.97596
720.4	0.9749
720.6	0.97348
720.8	0.97241
721.0	0.9745
721.2	0.97369
721.4	0.97217
721.6	0.97342
721.8	0.9728
722.0	0.97576
722.2	0.97518
722.4	0.97561
722.6	0.97388
722.8	0.9734
723.0	0.97289
723.2	0.97331
723.4	0.97293
723.6	0.97119
723.8	0.97035
724.0	0.96912
724.2	0.96799
724.4	0.96736
724.6	0.96731
724.8	0.96741
725.0	0.96786
725.2	0.97052
725.4	0.97347
725.6	0.97314
725.8	0.97386
726.0	0.9747
726.2	0.97593
726.4	0.97664
726.6	0.97663
726.8	0.9751
727.0	0.97545
727.2	0.97502
727.4	0.97567
727.6	0.9735
727.8	0.97386
728.0	0.97579
728.2	0.97471
728.4	0.97606
728.6	0.97803
728.8	0.97628
729.0	0.97671
729.2	0.9768
729.4	0.97464
729.6	0.97593
729.8	0.97384
730.0	0.97247
730.2	0.9738
730.4	0.97454
730.6	0.97308
730.8	0.97064
731.0	0.97083
731.2	0.97215
731.4	0.97352
731.6	0.97257
731.8	0.97144
732.0	0.9706
732.2	0.96994
732.4	0.97094
732.6	0.9711
732.8	0.97241
733.0	0.97168
733.2	0.97038
733.4	0.97061
733.6	0.9695
733.8	0.96761
734.0	0.9683
734.2	0.96831
734.4	0.96685
734.6	0.96562
734.8	0.96581
735.0	0.9655
735.2	0.9676
735.4	0.96793
735.6	0.96634
735.8	0.96595
736.0	0.9655
736.2	0.96459
736.4	0.96319
736.6	0.96347
736.8	0.96338
737.0	0.96443
737.2	0.96568
737.4	0.96605
737.6	0.96598
737.8	0.96735
738.0	0.9671
738.2	0.9675
738.4	0.96661
738.6	0.96866
738.8	0.96866
739.0	0.97128
739.2	0.97177
739.4	0.9707
739.6	0.97258
739.8	0.97247
740.0	0.97303
740.2	0.97229
740.4	0.97267
740.6	0.9739
740.8	0.97327
741.0	0.97173
741.2	0.97206
741.4	0.97439
741.6	0.97534
741.8	0.97633
742.0	0.97487
742.2	0.97358
742.4	0.97342
742.6	0.97126
742.8	0.97153
743.0	0.97044
743.2	0.97139
743.4	0.97089
743.6	0.97222
743.8	0.973
744.0	0.97436
744.2	0.97454
744.4	0.97336
744.6	0.97326
744.8	0.97523
745.0	0.97486
745.2	0.97275
745.4	0.97274
745.6	0.97355
745.8	0.97274
746.0	0.97365
746.2	0.97297
746.4	0.9734
746.6	0.97162
746.8	0.9722
747.0	0.97063
747.2	0.97116
747.4	0.97219
747.6	0.9743
747.8	0.97352
748.0	0.97378
748.2	0.97297
748.4	0.97193
748.6	0.97211
748.8	0.97132
749.0	0.97145
749.2	0.97185
749.4	0.97349
749.6	0.97299
749.8	0.9715
750.0	0.97033
750.2	0.97065
750.4	0.97192
750.6	0.97197
750.8	0.9709
751.0	0.97218
751.2	0.97282
751.4	0.97136
751.6	0.97047
751.8	0.97007
752.0	0.97176
752.2	0.97165
752.4	0.9731
752.6	0.97337
752.8	0.97497
753.0	0.97542
753.2	0.97469
753.4	0.97327
753.6	0.97214
753.8	0.97203
754.0	0.97454
754.2	0.97384
754.4	0.97562
754.6	0.97766
754.8	0.97704
755.0	0.97761
755.2	0.97869
755.4	0.97876
755.6	0.97885
755.8	0.9752
756.0	0.97468
756.2	0.97844
756.4	0.9804
756.6	0.98163
756.8	0.98155
757.0	0.98088
757.2	0.98118
757.4	0.98094
757.6	0.97938
757.8	0.97766
758.0	0.97614
758.2	0.97633
758.4	0.97857
758.6	0.98105
758.8	0.98105
759.0	0.97994
759.2	0.97865
759.4	0.97702
759.6	0.9748
759.8	0.97246
760.0	0.97283
760.2	0.97288
760.4	0.97165
760.6	0.97103
760.8	0.97033
761.0	0.97095
761.2	0.97155
761.4	0.97259
761.6	0.97319
761.8	0.9733
762.0	0.97221
762.2	0.97209
762.4	0.97157
762.6	0.96982
762.8	0.96806
763.0	0.96835
763.2	0.96819
763.4	0.96797
763.6	0.96802
763.8	0.96887
764.0	0.96742
764.2	0.96852
764.4	0.96757
764.6	0.96696
764.8	0.96949
765.0	0.96852
765.2	0.97072
765.4	0.97114
765.6	0.96872
765.8	0.96904
766.0	0.97047
766.2	0.97207
766.4	0.9723
766.6	0.97129
766.8	0.96987
767.0	0.96941
767.2	0.97032
767.4	0.97108
767.6	0.97081
767.8	0.97258
768.0	0.97484
768.2	0.97609
768.4	0.9768
768.6	0.97606
768.8	0.97323
769.0	0.97332
769.2	0.97221
769.4	0.97341
769.6	0.97379
769.8	0.97438
770.0	0.97476
770.2	0.9748
770.4	0.97518
770.6	0.97409
770.8	0.97367
771.0	0.97439
771.2	0.97476
771.4	0.97556
771.6	0.97595
771.8	0.97535
772.0	0.97384
772.2	0.97203
772.4	0.97188
772.6	0.9727
772.8	0.9744
773.0	0.97507
773.2	0.97502
773.4	0.97568
773.6	0.97514
773.8	0.97413
774.0	0.97002
774.2	0.96949
774.4	0.9701
774.6	0.97001
774.8	0.9712
775.0	0.97149
775.2	0.97033
775.4	0.96764
775.6	0.96619
775.8	0.96769
776.0	0.96801
776.2	0.96838
776.4	0.96987
776.6	0.96938
776.8	0.96862
777.0	0.96819
777.2	0.96806
777.4	0.96887
777.6	0.96827
777.8	0.96958
778.0	0.97
778.2	0.97006
778.4	0.97301
778.6	0.97497
778.8	0.97476
779.0	0.97254
779.2	0.97153
779.4	0.97026
779.6	0.97015
779.8	0.96927
780.0	0.97112
780.2	0.9721
780.4	0.97184
780.6	0.97109
780.8	0.9703
781.0	0.97017
781.2	0.97196
781.4	0.97214
781.6	0.97304
781.8	0.97418
782.0	0.97467
782.2	0.97401
782.4	0.97323
782.6	0.97411
782.8	0.97523
783.0	0.97511
783.2	0.97433
783.4	0.97223
783.6	0.97435
783.8	0.97613
784.0	0.97833
784.2	0.97796
784.4	0.97609
784.6	0.97505
784.8	0.97539
785.0	0.97568
785.2	0.97612
785.4	0.97463
785.6	0.9729
785.8	0.97383
786.0	0.97389
786.2	0.97347
786.4	0.97245
786.6	0.97312
786.8	0.9718
787.0	0.97273
787.2	0.9743
787.4	0.97307
787.6	0.97381
787.8	0.97373
788.0	0.97478
788.2	0.97571
788.4	0.97534
788.6	0.97564
788.8	0.9753
789.0	0.97357
789.2	0.97177
789.4	0.97125
789.6	0.96916
789.8	0.96697
790.0	0.96721
790.2	0.96627
790.4	0.96628
790.6	0.96743
790.8	0.9676
791.0	0.96798
791.2	0.96874
791.4	0.96899
791.6	0.96823
791.8	0.96702
792.0	0.96682
792.2	0.96775
792.4	0.96894
792.6	0.96862
792.8	0.96644
793.0	0.96448
793.2	0.9657
793.4	0.96623
793.6	0.96515
793.8	0.9653
794.0	0.96622
794.2	0.96475
794.4	0.96608
794.6	0.96925
794.8	0.97036
795.0	0.97327
795.2	0.9729
795.4	0.97096
795.6	0.97025
795.8	0.9711
796.0	0.97136
796.2	0.97074
796.4	0.96985
796.6	0.96935
796.8	0.96882
797.0	0.97274
797.2	0.97502
797.4	0.97515
797.6	0.97525
797.8	0.97478
798.0	0.97551
798.2	0.97549
798.4	0.9754
798.6	0.9793
798.8	0.98148
799.0	0.98208
799.2	0.98003
799.4	0.97889
799.6	0.97909
799.8	0.97914
800.0	0.98091
800.2	0.98212
800.4	0.98263
800.6	0.98151
800.8	0.98087
801.0	0.97919
801.2	0.97737
801.4	0.97572
801.6	0.97441
801.8	0.9745
802.0	0.97277
802.2	0.97545
802.4	0.97494
802.6	0.97474
802.8	0.97334
803.0	0.97401
803.2	0.97378
803.4	0.97321
803.6	0.97408
803.8	0.97408
804.0	0.97236
804.2	0.9722
804.4	0.9732
804.6	0.97251
804.8	0.9717
805.0	0.9717
805.2	0.97099
805.4	0.97269
805.6	0.97305
805.8	0.97164
806.0	0.9703
806.2	0.9673
806.4	0.96696
806.6	0.96922
806.8	0.96797
807.0	0.968
807.2	0.96953
807.4	0.96992
807.6	0.96894
807.8	0.9688
808.0	0.96972
808.2	0.97028
808.4	0.97093
808.6	0.97206
808.8	0.97166
809.0	0.97144
809.2	0.97001
809.4	0.96797
809.6	0.969
809.8	0.96901
810.0	0.96766
810.2	0.96824
810.4	0.96946
810.6	0.96717
810.8	0.96674
811.0	0.96709
811.2	0.96925
811.4	0.97157
811.6	0.97006
811.8	0.97105
812.0	0.97034
812.2	0.96827
812.4	0.96937
812.6	0.96976
812.8	0.97073
813.0	0.97164
813.2	0.97314
813.4	0.9719
813.6	0.97238
813.8	0.97394
814.0	0.97218
814.2	0.97317
814.4	0.9724
814.6	0.97328
814.8	0.97319
815.0	0.97279
815.2	0.97365
815.4	0.97284
815.6	0.97244
815.8	0.97149
816.0	0.97227
816.2	0.97397
816.4	0.97425
816.6	0.97478
816.8	0.9751
817.0	0.97614
817.2	0.97525
817.4	0.97376
817.6	0.97342
817.8	0.97537
818.0	0.97616
818.2	0.97675
818.4	0.97647
818.6	0.97573
818.8	0.97549
819.0	0.97629
819.2	0.97447
819.4	0.97327
819.6	0.97124
819.8	0.96939
820.0	0.96927
820.2	0.96842
820.4	0.96831
820.6	0.96784
820.8	0.96952
821.0	0.96881
821.2	0.9685
821.4	0.96908
821.6	0.96769
821.8	0.96691
822.0	0.96795
822.2	0.96827
822.4	0.96792
822.6	0.96799
822.8	0.96951
823.0	0.97182
823.2	0.97339
823.4	0.97528
823.6	0.97758
823.8	0.97672
824.0	0.97649
824.2	0.97377
824.4	0.97242
824.6	0.97072
824.8	0.96968
825.0	0.96805
825.2	0.96907
825.4	0.96878
825.6	0.97054
825.8	0.97138
826.0	0.97148
826.2	0.97059
826.4	0.9715
826.6	0.97472
826.8	0.97591
827.0	0.97521
827.2	0.97424
827.4	0.97553
827.6	0.97681
827.8	0.97653
828.0	0.97466
828.2	0.97232
828.4	0.97333
828.6	0.9733
828.8	0.9737
829.0	0.97575
829.2	0.97484
829.4	0.97401
829.6	0.97446
829.8	0.9744
830.0	0.97664
830.2	0.97679
830.4	0.97744
830.6	0.97832
830.8	0.97937
831.0	0.98207
831.2	0.98287
831.4	0.98027
831.6	0.97818
831.8	0.97886
832.0	0.97868
832.2	0.97664
832.4	0.97646
832.6	0.97669
832.8	0.97604
833.0	0.97568
833.2	0.97579
833.4	0.97563
833.6	0.9756
833.8	0.97515
834.0	0.97616
834.2	0.97669
834.4	0.97612
834.6	0.97567
834.8	0.9743
835.0	0.9742
835.2	0.97383
835.4	0.97391
835.6	0.97258
835.8	0.97067
836.0	0.97046
836.2	0.97032
836.4	0.97107
836.6	0.97014
836.8	0.97041
837.0	0.96958
837.2	0.9704
837.4	0.97086
837.6	0.97252
837.8	0.9725
838.0	0.97209
838.2	0.972
838.4	0.97194
838.6	0.97057
838.8	0.97041
839.0	0.97095
839.2	0.97259
839.4	0.97065
839.6	0.97144
839.8	0.97078
840.0	0.96855
840.2	0.96926
840.4	0.97098
840.6	0.9721
840.8	0.97308
841.0	0.97425
841.2	0.9738
841.4	0.97471
841.6	0.97301
841.8	0.97402
842.0	0.97348
842.2	0.9713
842.4	0.97157
842.6	0.9701
842.8	0.96686
843.0	0.96549
843.2	0.9643
843.4	0.96681
843.6	0.96909
843.8	0.96945
844.0	0.97152
844.2	0.97187
844.4	0.9709
844.6	0.97195
844.8	0.97249
845.0	0.97308
845.2	0.97296
845.4	0.97369
845.6	0.97494
845.8	0.97486
846.0	0.9737
846.2	0.97215
846.4	0.97162
846.6	0.97273
846.8	0.97311
847.0	0.97525
847.2	0.97568
847.4	0.97448
847.6	0.97173
847.8	0.97194
848.0	0.97455
848.2	0.97757
848.4	0.97865
848.6	0.97671
848.8	0.9769
849.0	0.97749
849.2	0.97616
849.4	0.9768
849.6	0.97736
849.8	0.97772
850.0	0.978
850.2	0.97709
850.4	0.97466
850.6	0.97345
850.8	0.9745
851.0	0.97467
851.2	0.9739
851.4	0.97636
851.6	0.97744
851.8	0.97622
852.0	0.97448
852.2	0.97541
852.4	0.97376
852.6	0.97496
852.8	0.97418
853.0	0.97377
853.2	0.97452
853.4	0.97137
853.6	0.97367
853.8	0.97509
854.0	0.97419
854.2	0.97537
854.4	0.97552
854.6	0.97578
854.8	0.97244
855.0	0.97162
855.2	0.97142
855.4	0.97175
855.6	0.97353
855.8	0.97579
856.0	0.97558
856.2	0.97639
856.4	0.9746
856.6	0.9745
856.8	0.97339
857.0	0.97277
857.2	0.97222
857.4	0.97144
857.6	0.97134
857.8	0.96933
858.0	0.97004
858.2	0.96891
858.4	0.97062
858.6	0.97203
858.8	0.97117
859.0	0.97419
859.2	0.97403
859.4	0.97185
859.6	0.96987
859.8	0.96907
860.0	0.97014
860.2	0.97072
860.4	0.97006
860.6	0.97108
860.8	0.97123
861.0	0.97285
861.2	0.97319
861.4	0.97377
861.6	0.97442
861.8	0.97376
862.0	0.97685
862.2	0.97538
862.4	0.97389
862.6	0.97436
862.8	0.97319
863.0	0.97504
863.2	0.97619
863.4	0.97726
863.6	0.9756
863.8	0.97342
864.0	0.97426
864.2	0.97377
864.4	0.97405
864.6	0.97321
864.8	0.97311
865.0	0.97335
865.2	0.97456
865.4	0.97264
865.6	0.97254
865.8	0.97358
866.0	0.97365
866.2	0.97195
866.4	0.97261
866.6	0.97075
866.8	0.97016
867.0	0.97187
867.2	0.97087
867.4	0.97303
867.6	0.97466
867.8	0.97383
868.0	0.97394
868.2	0.97324
868.4	0.97318
868.6	0.9716
868.8	0.97257
869.0	0.97359
869.2	0.97466
869.4	0.97346
869.6	0.97417
869.8	0.97573
870.0	0.97728
870.2	0.97602
870.4	0.97497
870.6	0.97539
870.8	0.97571
871.0	0.97709
871.2	0.97656
871.4	0.97511
871.6	0.97468
871.8	0.9735
872.0	0.97313
872.2	0.97545
872.4	0.97357
872.6	0.97336
872.8	0.97105
873.0	0.96892
873.2	0.97031
873.4	0.96996
873.6	0.97112
873.8	0.97229
874.0	0.974
874.2	0.972
874.4	0.9734
874.6	0.97195
874.8	0.9709
875.0	0.97054
875.2	0.97024
875.4	0.96858
875.6	0.96896
875.8	0.96889
876.0	0.96945
876.2	0.96938
876.4	0.96938
876.6	0.96799
876.8	0.96666
877.0	0.96705
877.2	0.96651
877.4	0.96823
877.6	0.96832
877.8	0.96977
878.0	0.97073
878.2	0.97042
878.4	0.972
878.6	0.97335
878.8	0.97318
879.0	0.97334
879.2	0.97256
879.4	0.97129
879.6	0.97119
879.8	0.97191
880.0	0.97273
880.2	0.97367
880.4	0.97383
880.6	0.97245
880.8	0.97268
881.0	0.97137
881.2	0.97313
881.4	0.97482
881.6	0.97636
881.8	0.97881
882.0	0.97921
882.2	0.9794
882.4	0.97907
882.6	0.98012
882.8	0.97929
883.0	0.97747
883.2	0.97801
883.4	0.97684
883.6	0.97622
883.8	0.97527
884.0	0.97542
884.2	0.97682
884.4	0.97359
884.6	0.97362
884.8	0.97053
885.0	0.97168
885.2	0.97274
885.4	0.97295
885.6	0.97503
885.8	0.9745
886.0	0.97556
886.2	0.9775
886.4	0.97828
886.6	0.9767
886.8	0.97775
887.0	0.97701
887.2	0.97786
887.4	0.97825
887.6	0.97718
887.8	0.97679
888.0	0.9773
888.2	0.97725
888.4	0.97468
888.6	0.97532
888.8	0.97584
889.0	0.97313
889.2	0.97177
889.4	0.97159
889.6	0.97125
889.8	0.97259
890.0	0.97116
890.2	0.97147
890.4	0.97439
890.6	0.97577
890.8	0.97788
891.0	0.97773
891.2	0.97536
891.4	0.97469
891.6	0.9742
891.8	0.97432
892.0	0.97338
892.2	0.97228
892.4	0.97205
892.6	0.9732
892.8	0.97207
893.0	0.97033
893.2	0.96953
893.4	0.96905
893.6	0.96808
893.8	0.96798
894.0	0.96883
894.2	0.9707
894.4	0.97126
894.6	0.96975
894.8	0.96874
895.0	0.96594
895.2	0.9644
895.4	0.96821
895.6	0.96744
895.8	0.96674
896.0	0.96521
896.2	0.96453
896.4	0.96628
896.6	0.96821
896.8	0.96567
897.0	0.96621
897.2	0.96619
897.4	0.96528
897.6	0.967
897.8	0.96828
898.0	0.96785
898.2	0.96871
898.4	0.96902
898.6	0.96989
898.8	0.96915
899.0	0.96893
899.2	0.97201
899.4	0.97445
899.6	0.97492
899.8	0.97705
900.0	0.97629
900.2	0.97489
900.4	0.9761
900.6	0.97617
900.8	0.97499
901.0	0.9766
901.2	0.97592
901.4	0.97552
901.6	0.97629
901.8	0.97518
902.0	0.97376
902.2	0.97244
902.4	0.97121
902.6	0.97359
902.8	0.97493
903.0	0.97485
903.2	0.97501
903.4	0.97549
903.6	0.97577
903.8	0.9772
904.0	0.97592
904.2	0.9767
904.4	0.97699
904.6	0.97588
904.8	0.97423
905.0	0.97644
905.2	0.97745
905.4	0.97763
905.6	0.97869
905.8	0.97604
906.0	0.97431
906.2	0.97341
906.4	0.97347
906.6	0.97394
906.8	0.97555
907.0	0.97554
907.2	0.97798
907.4	0.98011
907.6	0.98038
907.8	0.97985
908.0	0.97947
908.2	0.97683
908.4	0.9762
908.6	0.97649
908.8	0.97667
909.0	0.97685
909.2	0.97645
909.4	0.97798
909.6	0.97708
909.8	0.97731
910.0	0.97886
910.2	0.98092
910.4	0.98143
910.6	0.98107
910.8	0.97913
911.0	0.97786
911.2	0.97595
911.4	0.97344
911.6	0.97303
911.8	0.9726
912.0	0.97236
912.2	0.97145
912.4	0.97227
912.6	0.97411
912.8	0.9742
913.0	0.97305
913.2	0.97416
913.4	0.97404
913.6	0.97283
913.8	0.97427
914.0	0.97415
914.2	0.97162
914.4	0.97213
914.6	0.9719
914.8	0.97131
915.0	0.96984
915.2	0.96814
915.4	0.96627
915.6	0.96583
915.8	0.96619
916.0	0.96807
916.2	0.96802
916.4	0.96882
916.6	0.96783
916.8	0.96858
917.0	0.97146
917.2	0.97309
917.4	0.97366
917.6	0.97256
917.8	0.97074
918.0	0.97243
918.2	0.9716
918.4	0.96715
918.6	0.96657
918.8	0.96718
919.0	0.96766
919.2	0.96943
919.4	0.97151
919.6	0.97294
919.8	0.97435
920.0	0.97387
920.2	0.97317
920.4	0.97381
920.6	0.97378
920.8	0.97269
921.0	0.97374
921.2	0.97185
921.4	0.97235
921.6	0.97271
921.8	0.97161
922.0	0.9728
922.2	0.97239
922.4	0.97383
922.6	0.97383
922.8	0.97269
923.0	0.97348
923.2	0.9748
923.4	0.97481
923.6	0.97498
923.8	0.9745
924.0	0.97473
924.2	0.97477
924.4	0.97653
924.6	0.97748
924.8	0.97558
925.0	0.97386
925.2	0.97474
925.4	0.97418
925.6	0.97427
925.8	0.97592
926.0	0.97704
926.2	0.97632
926.4	0.97765
926.6	0.97995
926.8	0.98116
927.0	0.98041
927.2	0.9802
927.4	0.98059
927.6	0.98052
927.8	0.97926
928.0	0.9784
928.2	0.97866
928.4	0.98024
928.6	0.97958
928.8	0.9776
929.0	0.97538
929.2	0.97583
929.4	0.97769
929.6	0.98025
929.8	0.98136
930.0	0.98083
930.2	0.98013
930.4	0.97955
930.6	0.97769
930.8	0.97791
931.0	0.9776
931.2	0.97538
931.4	0.97362
931.6	0.976
931.8	0.97754
932.0	0.97754
932.2	0.97691
932.4	0.97497
932.6	0.97362
932.8	0.97136
933.0	0.96938
933.2	0.97027
933.4	0.9722
933.6	0.97167
933.8	0.97086
934.0	0.96954
934.2	0.96775
934.4	0.96667
934.6	0.96829
934.8	0.96812
935.0	0.96772
935.2	0.96768
935.4	0.96885
935.6	0.96914
935.8	0.96994
936.0	0.96743
936.2	0.96538
936.4	0.96499
936.6	0.96567
936.8	0.96635
937.0	0.96736
937.2	0.96995
937.4	0.97096
937.6	0.96817
937.8	0.96714
938.0	0.96841
938.2	0.96912
938.4	0.97043
938.6	0.97008
938.8	0.97063
939.0	0.97162
939.2	0.97089
939.4	0.96879
939.6	0.96827
939.8	0.96658
940.0	0.96848
940.2	0.96977
940.4	0.97127
940.6	0.97089
940.8	0.96916
941.0	0.96749
941.2	0.96773
941.4	0.97117
941.6	0.97007
941.8	0.97058
942.0	0.96945
942.2	0.96982
942.4	0.97054
942.6	0.97217
942.8	0.97526
943.0	0.97712
943.2	0.97731
943.4	0.97823
943.6	0.98027
943.8	0.97976
944.0	0.97813
944.2	0.97434
944.4	0.97511
944.6	0.97678
944.8	0.97671
945.0	0.97694
945.2	0.97854
945.4	0.97947
945.6	0.97883
945.8	0.97957
946.0	0.98096
946.2	0.98013
946.4	0.97822
946.6	0.9788
946.8	0.97864
947.0	0.9775
947.2	0.97825
947.4	0.98059
947.6	0.98095
947.8	0.98294
948.0	0.98209
948.2	0.98156
948.4	0.97868
948.6	0.97587
948.8	0.97295
949.0	0.97406
949.2	0.97236
949.4	0.97321
949.6	0.97393
949.8	0.97615
950.0	0.97884
950.2	0.98087
950.4	0.98223
950.6	0.98166
950.8	0.98006
951.0	0.97796
951.2	0.97633
951.4	0.97453
951.6	0.97486
951.8	0.97296
952.0	0.97133
952.2	0.97082
952.4	0.97075
952.6	0.96997
952.8	0.97074
953.0	0.97065
953.2	0.97095
953.4	0.97248
953.6	0.97302
953.8	0.97196
954.0	0.97388
954.2	0.97525
954.4	0.9746
954.6	0.97343
954.8	0.9707
955.0	0.96755
955.2	0.96545
955.4	0.9662
955.6	0.96755
955.8	0.96905
956.0	0.96934
956.2	0.96937
956.4	0.96937
956.6	0.97012
956.8	0.96986
957.0	0.96806
957.2	0.96541
957.4	0.96416
957.6	0.96449
957.8	0.96672
958.0	0.96607
958.2	0.96618
958.4	0.96757
958.6	0.96911
958.8	0.96731
959.0	0.96735
959.2	0.96917
959.4	0.96811
959.6	0.96698
959.8	0.96776
960.0	0.96893
960.2	0.96895
960.4	0.96951
960.6	0.97102
960.8	0.97147
961.0	0.97114
961.2	0.96846
961.4	0.96578
961.6	0.96495
961.8	0.9656
962.0	0.96512
962.2	0.96484
962.4	0.96724
962.6	0.97076
962.8	0.974
963.0	0.97657
963.2	0.97575
963.4	0.97555
963.6	0.9748
963.8	0.97435
964.0	0.97591
964.2	0.97659
964.4	0.97557
964.6	0.97499
964.8	0.97581
965.0	0.97663
965.2	0.97836
965.4	0.97677
965.6	0.97544
965.8	0.9768
966.0	0.97614
966.2	0.97484
966.4	0.97243
966.6	0.97197
966.8	0.97229
967.0	0.97213
967.2	0.97185
967.4	0.97147
967.6	0.96916
967.8	0.96955
968.0	0.97128
968.2	0.97397
968.4	0.97618
968.6	0.97789
968.8	0.97765
969.0	0.97689
969.2	0.97679
969.4	0.97714
969.6	0.97588
969.8	0.97398
970.0	0.97306
970.2	0.97211
970.4	0.9714
970.6	0.97355
970.8	0.97493
971.0	0.97553
971.2	0.97359
971.4	0.97443
971.6	0.97569
971.8	0.97517
972.0	0.97644
972.2	0.97532
972.4	0.97256
972.6	0.96977
972.8	0.96854
973.0	0.97028
973.2	0.97001
973.4	0.96905
973.6	0.9672
973.8	0.9652
974.0	0.96454
974.2	0.96467
974.4	0.9674
974.6	0.97
974.8	0.97037
975.0	0.9713
975.2	0.97165
975.4	0.9728
975.6	0.97326
975.8	0.97323
976.0	0.97331
976.2	0.97192
976.4	0.9704
976.6	0.96999
976.8	0.96909
977.0	0.96806
977.2	0.96846
977.4	0.96912
977.6	0.96957
977.8	0.9678
978.0	0.96835
978.2	0.96808
978.4	0.96983
978.6	0.97001
978.8	0.96941
979.0	0.96964
979.2	0.96917
979.4	0.97045
979.6	0.9699
979.8	0.96947
980.0	0.9678
980.2	0.96717
980.4	0.967
980.6	0.96668
980.8	0.96679
981.0	0.96664
981.2	0.96636
981.4	0.96446
981.6	0.96269
981.8	0.96289
982.0	0.96485
982.2	0.96569
982.4	0.96783
982.6	0.96738
982.8	0.96756
983.0	0.96837
983.2	0.96903
983.4	0.97082
983.6	0.97255
983.8	0.97168
984.0	0.97031
984.2	0.9708
984.4	0.97235
984.6	0.97041
984.8	0.96934
985.0	0.96951
985.2	0.96974
985.4	0.97114
985.6	0.97055
985.8	0.97175
986.0	0.97111
986.2	0.97233
986.4	0.97173
986.6	0.97113
986.8	0.97309
987.0	0.97426
987.2	0.97453
987.4	0.97349
987.6	0.97474
987.8	0.97429
988.0	0.97386
988.2	0.9725
988.4	0.97168
988.6	0.97423
988.8	0.97552
989.0	0.9751
989.2	0.97429
989.4	0.97482
989.6	0.97651
989.8	0.97592
990.0	0.97557
990.2	0.97654
990.4	0.97873
990.6	0.98003
990.8	0.98047
991.0	0.97897
991.2	0.97766
991.4	0.97811
991.6	0.97975
991.8	0.97928
992.0	0.97634
992.2	0.97792
992.4	0.97957
992.6	0.97982
992.8	0.97905
993.0	0.97957
993.2	0.98018
993.4	0.98089
993.6	0.97863
993.8	0.97833
994.0	0.97817
994.2	0.97714
994.4	0.97629
994.6	0.97697
994.8	0.977
995.0	0.97526
995.2	0.9732
995.4	0.97383
995.6	0.97414
995.8	0.97305
996.0	0.97415
996.2	0.97528
996.4	0.97413
996.6	0.97262
996.8	0.97168
997.0	0.97023
997.2	0.97135
997.4	0.97437
997.6	0.9724
997.8	0.96963
998.0	0.97009
998.2	0.97169
998.4	0.97343
998.6	0.9726
998.8	0.97272
999.0	0.97192
999.2	0.97219
999.4	0.9711
999.6	0.97006
999.8	0.97018
1000.0	0.97226
1000.2	0.9717
1000.4	0.9724
1000.6	0.97357
1000.8	0.97507
1001.0	0.97408
1001.2	0.97444
1001.4	0.97493
1001.6	0.97403
1001.8	0.97216
1002.0	0.9718
1002.2	0.97372
1002.4	0.97563
1002.6	0.97594
1002.8	0.97401
1003.0	0.97317
1003.2	0.97242
1003.4	0.97136
1003.6	0.97023
1003.8	0.9703
1004.0	0.97087
1004.2	0.96972
1004.4	0.96786
1004.6	0.9687
1004.8	0.96938
1005.0	0.96807
1005.2	0.9681
1005.4	0.97001
1005.6	0.96995
1005.8	0.96829
1006.0	0.96524
1006.2	0.96648
1006.4	0.96682
1006.6	0.96481
1006.8	0.96471
1007.0	0.96496
1007.2	0.965
1007.4	0.96602
1007.6	0.96696
1007.8	0.96711
1008.0	0.96817
1008.2	0.97088
1008.4	0.97232
1008.6	0.97207
1008.8	0.97173
1009.0	0.97146
1009.2	0.9711
1009.4	0.97138
1009.6	0.96958
1009.8	0.96834
1010.0	0.96853
1010.2	0.97068
1010.4	0.97086
1010.6	0.97002
1010.8	0.97006
1011.0	0.9718
1011.2	0.97095
1011.4	0.97106
1011.6	0.97288
1011.8	0.97395
1012.0	0.97407
1012.2	0.97416
1012.4	0.97528
1012.6	0.97633
1012.8	0.97584
1013.0	0.97599
1013.2	0.97517
1013.4	0.97402
1013.6	0.97415
1013.8	0.97552
1014.0	0.9757
1014.2	0.97365
1014.4	0.97296
1014.6	0.97146
1014.8	0.97218
1015.0	0.97144
1015.2	0.97327
1015.4	0.97359
1015.6	0.97341
1015.8	0.9731
1016.0	0.97476
1016.2	0.97586
1016.4	0.9759
1016.6	0.97702
1016.8	0.97855
1017.0	0.97839
1017.2	0.97791
1017.4	0.98039
1017.6	0.97907
1017.8	0.97794
1018.0	0.97667
1018.2	0.97715
1018.4	0.97923
1018.6	0.9796
1018.8	0.97899
1019.0	0.97781
1019.2	0.97817
1019.4	0.97906
1019.6	0.98003
1019.8	0.98067
1020.0	0.97946
1020.2	0.97967
1020.4	0.97718
1020.6	0.97791
1020.8	0.97649
1021.0	0.97688
1021.2	0.9767
1021.4	0.97757
1021.6	0.97632
1021.8	0.97497
1022.0	0.97323
1022.2	0.973
1022.4	0.97189
1022.6	0.96911
1022.8	0.96841
1023.0	0.9678
1023.2	0.96891
1023.4	0.97008
1023.6	0.97207
1023.8	0.97333
1024.0	0.97041
1024.2	0.96897
1024.4	0.96898
1024.6	0.97095
1024.8	0.97239
1025.0	0.97195
1025.2	0.9701
1025.4	0.9705
1025.6	0.96742
1025.8	0.96685
1026.0	0.96877
1026.2	0.97043
1026.4	0.96858
1026.6	0.9664
1026.8	0.96514
1027.0	0.96699
1027.2	0.96847
1027.4	0.97119
1027.6	0.97213
1027.8	0.97095
1028.0	0.96985
1028.2	0.9699
1028.4	0.96828
1028.6	0.9658
1028.8	0.96639
1029.0	0.96642
1029.2	0.96343
1029.4	0.96571
1029.6	0.96647
1029.8	0.96566
1030.0	0.96738
1030.2	0.96804
1030.4	0.96874
1030.6	0.97051
1030.8	0.96853
1031.0	0.96696
1031.2	0.9673
1031.4	0.96712
1031.6	0.96726
1031.8	0.96852
1032.0	0.96555
1032.2	0.96456
1032.4	0.96595
1032.6	0.9672
1032.8	0.96954
1033.0	0.97089
1033.2	0.96979
1033.4	0.97054
1033.6	0.96878
1033.8	0.96869
1034.0	0.96961
1034.2	0.97148
1034.4	0.97369
1034.6	0.97341
1034.8	0.97489
1035.0	0.97347
1035.2	0.97326
1035.4	0.97348
1035.6	0.9749
1035.8	0.97476
1036.0	0.97567
1036.2	0.97544
1036.4	0.97386
1036.6	0.97238
1036.8	0.9723
1037.0	0.97077
1037.2	0.97004
1037.4	0.96809
1037.6	0.97036
1037.8	0.97081
1038.0	0.97384
1038.2	0.97516
1038.4	0.97932
1038.6	0.97838
1038.8	0.97629
1039.0	0.9768
1039.2	0.97656
1039.4	0.97633
1039.6	0.97485
1039.8	0.97346
1040.0	0.97234
1040.2	0.97189
1040.4	0.97471
1040.6	0.97599
1040.8	0.97393
1041.0	0.97478
1041.2	0.97652
1041.4	0.97588
1041.6	0.97704
1041.8	0.97623
1042.0	0.97724
1042.2	0.9784
1042.4	0.9774
1042.6	0.97637
1042.8	0.97681
1043.0	0.97933
1043.2	0.97829
1043.4	0.9786
1043.6	0.97948
1043.8	0.98018
1044.0	0.97712
1044.2	0.97451
1044.4	0.97336
1044.6	0.97596
1044.8	0.97579
1045.0	0.97598
1045.2	0.97436
1045.4	0.97599
1045.6	0.9782
1045.8	0.97427
1046.0	0.97223
1046.2	0.97218
1046.4	0.97231
1046.6	0.97202
1046.8	0.96977
1047.0	0.97195
1047.2	0.97426
1047.4	0.97522
1047.6	0.97638
1047.8	0.97525
1048.0	0.9737
1048.2	0.97565
1048.4	0.97367
1048.6	0.97599
1048.8	0.97428
1049.0	0.97148
1049.2	0.97036
1049.4	0.96987
1049.6	0.96865
1049.8	0.96853
1050.0	0.96603
1050.2	0.96598
1050.4	0.96724
1050.6	0.96785
1050.8	0.96697
1051.0	0.96813
1051.2	0.97074
1051.4	0.97121
1051.6	0.97065
1051.8	0.96912
1052.0	0.97026
1052.2	0.96947
1052.4	0.96938
1052.6	0.96703
1052.8	0.96622
1053.0	0.96621
1053.2	0.96382
1053.4	0.96735
1053.6	0.96819
1053.8	0.96816
1054.0	0.96664
1054.2	0.96716
1054.4	0.96765
1054.6	0.96861
1054.8	0.96774
1055.0	0.96992
1055.2	0.96882
1055.4	0.96697
1055.6	0.96785
1055.8	0.96721
1056.0	0.96616
1056.2	0.96809
1056.4	0.9692
1056.6	0.96982
1056.8	0.96982
1057.0	0.97085
1057.2	0.97044
1057.4	0.96992
1057.6	0.96944
1057.8	0.96979
1058.0	0.96819
1058.2	0.9686
1058.4	0.96856
1058.6	0.96853
1058.8	0.9713
1059.0	0.97135
1059.2	0.97513
1059.4	0.97433
1059.6	0.97114
1059.8	0.97204
1060.0	0.97165
1060.2	0.97303
1060.4	0.97421
1060.6	0.97495
1060.8	0.97461
1061.0	0.97218
1061.2	0.97634
1061.4	0.97424
1061.6	0.97316
1061.8	0.97399
1062.0	0.97647
1062.2	0.97493
1062.4	0.97502
1062.6	0.97326
1062.8	0.96986
1063.0	0.97211
1063.2	0.97337
1063.4	0.97329
1063.6	0.97354
1063.8	0.97383
1064.0	0.97526
1064.2	0.97662
1064.4	0.97609
1064.6	0.97602
1064.8	0.97751
1065.0	0.97775
1065.2	0.98124
1065.4	0.98189
1065.6	0.98277
1065.8	0.98362
1066.0	0.98436
1066.2	0.98104
1066.4	0.98139
1066.6	0.97942
1066.8	0.98104
1067.0	0.97984
1067.2	0.9772
1067.4	0.98002
1067.6	0.97715
1067.8	0.97796
1068.0	0.97945
1068.2	0.97768
1068.4	0.97812
1068.6	0.97696
1068.8	0.97756
1069.0	0.97843
1069.2	0.97631
1069.4	0.97996
1069.6	0.9804
1069.8	0.98058
1070.0	0.97964
1070.2	0.97662
1070.4	0.97875
1070.6	0.97867
1070.8	0.97509
1071.0	0.97608
1071.2	0.97355
1071.4	0.97541
1071.6	0.97521
1071.8	0.97461
1072.0	0.9746
1072.2	0.97873
1072.4	0.97869
1072.6	0.98116
1072.8	0.98165
1073.0	0.98043
1073.2	0.97922
1073.4	0.97771
1073.6	0.97939
1073.8	0.98318
1074.0	0.9784
1074.2	0.97819
1074.4	0.97591
1074.6	0.97709
1074.8	0.97433
1075.0	0.97461
1075.2	0.97466
1075.4	0.97367
1075.6	0.9722
1075.8	0.97438
1076.0	0.97217
1076.2	0.97485
1076.4	0.97269
1076.6	0.97115
1076.8	0.97292
1077.0	0.97591
1077.2	0.9732
1077.4	0.97197
1077.6	0.96938
1077.8	0.96983
1078.0	0.96881
1078.2	0.96934
1078.4	0.97135
1078.6	0.9708
1078.8	0.97277
1079.0	0.96868
1079.2	0.97132
1079.4	0.97085
1079.6	0.96761
1079.8	0.96981
1080.0	0.97083
1080.2	0.9698
1080.4	0.97199
1080.6	0.97438
1080.8	0.97153
1081.0	0.97111
1081.2	0.97061
1081.4	0.96915
1081.6	0.96795
1081.8	0.97038
1082.0	0.96854
1082.2	0.97232
1082.4	0.97178
1082.6	0.97219
1082.8	0.96947
1083.0	0.97197
1083.2	0.97394
1083.4	0.97447
1083.6	0.97187
1083.8	0.97079
1084.0	0.9671
1084.2	0.97074
1084.4	0.96964
1084.6	0.97163
1084.8	0.97176
1085.0	0.96958
1085.2	0.97192
1085.4	0.9697
1085.6	0.97087
1085.8	0.97132
1086.0	0.97067
1086.2	0.9704
1086.4	0.96793
1086.6	0.96315
1086.8	0.96378
1087.0	0.96461
1087.2	0.96425
1087.4	0.96624
1087.6	0.96796
1087.8	0.96561
1088.0	0.96587
1088.2	0.96572
1088.4	0.97086
1088.6	0.97117
1088.8	0.96883
1089.0	0.96823
1089.2	0.96713
1089.4	0.97121
1089.6	0.97009
1089.8	0.9696
1090.0	0.97345
1090.2	0.97896
1090.4	0.97918
1090.6	0.9819
1090.8	0.97706
1091.0	0.97472
1091.2	0.97529
1091.4	0.97395
1091.6	0.97807
1091.8	0.9752
1092.0	0.97558
1092.2	0.97446
1092.4	0.97671
1092.6	0.9755
1092.8	0.97362
1093.0	0.97749
1093.2	0.97961
1093.4	0.9789
1093.6	0.9769
1093.8	0.97624
1094.0	0.97738
1094.2	0.97092
1094.4	0.9731
1094.6	0.97377
1094.8	0.97146
1095.0	0.97556
1095.2	0.9723
1095.4	0.97198
1095.6	0.97244
1095.8	0.97532
1096.0	0.97246
1096.2	0.97368
1096.4	0.97621
1096.6	0.9741
1096.8	0.97348
1097.0	0.97621
1097.2	0.97607
1097.4	0.97466
1097.6	0.97898
1097.8	0.98154
1098.0	0.98166
1098.2	0.98308
1098.4	0.97664
1098.6	0.97883
1098.8	0.97548
1099.0	0.97507
1099.2	0.97534
1099.4	0.97654
1099.6	0.97531
1099.8	0.97412
1100.0	0.97452
1100.2	0.97483
1100.4	0.97314
1100.6	0.97143
1100.8	0.97399
1101.0	0.97413
1101.2	0.97459
1101.4	0.977
1101.6	0.97083
1101.8	0.97404
1102.0	0.97674
1102.2	0.97382
1102.4	0.97382
1102.6	0.97449
1102.8	0.97603
1103.0	0.97293
1103.2	0.97415
1103.4	0.97571
1103.6	0.97218
1103.8	0.97155
1104.0	0.97062
1104.2	0.96712
1104.4	0.96908
1104.6	0.97206
1104.8	0.97301
1105.0	0.96967
1105.2	0.97256
1105.4	0.96485
1105.6	0.96844
1105.8	0.96513
1106.0	0.96824
1106.2	0.96578
1106.4	0.96345
1106.6	0.96639
1106.8	0.96943
1107.0	0.96571
1107.2	0.9739
1107.4	0.97144
1107.6	0.97033
1107.8	0.97319
1108.0	0.96924
1108.2	0.97045
1108.4	0.97152
1108.6	0.9693
1108.8	0.97259
1109.0	0.9736
1109.2	0.97096
1109.4	0.97073
1109.6	0.96822
1109.8	0.96777
1110.0	0.96624
1110.2	0.96444
1110.4	0.96348
1110.6	0.96993
1110.8	0.96633
1111.0	0.96487
1111.2	0.9637
1111.4	0.96597
1111.6	0.97059
1111.8	0.96398
1112.0	0.9622
1112.2	0.96778
1112.4	0.96527
1112.6	0.96622
1112.8	0.96641
1113.0	0.9621
1113.2	0.9644
1113.4	0.96564
1113.6	0.96216
1113.8	0.96686
1114.0	0.96631
1114.2	0.9686
1114.4	0.97031
1114.6	0.96587
1114.8	0.96542
1115.0	0.96797
1115.2	0.96811
1115.4	0.96671
1115.6	0.96696
1115.8	0.96478
1116.0	0.96224
1116.2	0.96514
1116.4	0.96383
1116.6	0.96961
1116.8	0.9679
1117.0	0.96655
1117.2	0.97468
1117.4	0.97178
1117.6	0.97314
1117.8	0.97612
1118.0	0.97444
1118.2	0.97711
1118.4	0.97118
1118.6	0.96969
1118.8	0.96908
1119.0	0.97763
1119.2	0.97141
1119.4	0.97686
1119.6	0.97375
1119.8	0.97981
1120.0	0.98024
1120.2	0.98524
1120.4	0.98206
1120.6	0.98318
1120.8	0.97741
1121.0	0.97959
1121.2	0.98226
1121.4	0.98096
1121.6	0.977
1121.8	0.98317
1122.0	0.98342
1122.2	0.98598
1122.4	0.98613
1122.6	0.97471
1122.8	0.98524
1123.0	0.98433
1123.2	0.98578
1123.4	0.98814
1123.6	0.98427
1123.8	0.97932
1124.0	0.97214
1124.2	0.97308
1124.4	0.98347
1124.6	0.97656
1124.8	0.9765
1125.0	0.97515
1125.2	0.9751
1125.4	0.97505
1125.6	0.97499
1125.8	0.97494
1126.0	0.97489
1126.2	0.97484
1126.4	0.97478
1126.6	0.97473
1126.8	0.97468
1127.0	0.97463
1127.2	0.97457
1127.4	0.97452
1127.6	0.97447
1127.8	0.97442
1128.0	0.97436
1128.2	0.97431
1128.4	0.97426
1128.6	0.97421
1128.8	0.97416
1129.0	0.9741
1129.2	0.97405
1129.4	0.974
1129.6	0.97395
1129.8	0.97389
1130.0	0.97389
1130.2	0.97399
1130.4	0.9741
1130.6	0.9742
1130.8	0.9743
1131.0	0.9744
1131.2	0.9745
1131.4	0.9746
1131.6	0.9747
1131.8	0.97481
1132.0	0.97491
1132.2	0.97501
1132.4	0.97511
1132.6	0.97521
1132.8	0.97531
1133.0	0.97541
1133.2	0.97552
1133.4	0.97562
1133.6	0.97572
1133.8	0.97582
1134.0	0.97592
1134.2	0.97602
1134.4	0.97613
1134.6	0.97623
1134.8	0.97633
1135.0	0.97634
1135.2	0.97619
1135.4	0.97605
1135.6	0.9759
1135.8	0.97575
1136.0	0.9756
1136.2	0.97545
1136.4	0.9753
1136.6	0.97515
1136.8	0.975
1137.0	0.97485
1137.2	0.9747
1137.4	0.97455
1137.6	0.9744
1137.8	0.97425
1138.0	0.9741
1138.2	0.97395
1138.4	0.9738
1138.6	0.97365
1138.8	0.9735
1139.0	0.97335
1139.2	0.9732
1139.4	0.97305
1139.6	0.9729
1139.8	0.97275
1140.0	0.97257
1140.2	0.97234
1140.4	0.97211
1140.6	0.97189
1140.8	0.97166
1141.0	0.97143
1141.2	0.9712
1141.4	0.97097
1141.6	0.97074
1141.8	0.97052
1142.0	0.97029
1142.2	0.97006
1142.4	0.96983
1142.6	0.9696
1142.8	0.96937
1143.0	0.96915
1143.2	0.96892
1143.4	0.96869
1143.6	0.96846
1143.8	0.96823
1144.0	0.968
1144.2	0.96778
1144.4	0.96755
1144.6	0.96732
1144.8	0.96709
1145.0	0.96694
1145.2	0.96694
1145.4	0.96695
1145.6	0.96695
1145.8	0.96695
1146.0	0.96695
1146.2	0.96695
1146.4	0.96695
1146.6	0.96696
1146.8	0.96696
1147.0	0.96696
1147.2	0.96696
1147.4	0.96696
1147.6	0.96697
1147.8	0.96697
1148.0	0.96697
1148.2	0.96697
1148.4	0.96697
1148.6	0.96697
1148.8	0.96698
1149.0	0.96698
1149.2	0.96698
1149.4	0.96698
1149.6	0.96698
1149.8	0.96699
1150.0	0.96703
1150.2	0.96714
1150.4	0.96726
1150.6	0.96737
1150.8	0.96749
1151.0	0.96761
1151.2	0.96772
1151.4	0.96784
1151.6	0.96795
1151.8	0.96807
1152.0	0.96819
1152.2	0.9683
1152.4	0.96842
1152.6	0.96853
1152.8	0.96865
1153.0	0.96877
1153.2	0.96888
1153.4	0.969
1153.6	0.96911
1153.8	0.96923
1154.0	0.96934
1154.2	0.96946
1154.4	0.96958
1154.6	0.96969
1154.8	0.96981
1155.0	0.96996
1155.2	0.97018
1155.4	0.97039
1155.6	0.97061
1155.8	0.97083
1156.0	0.97105
1156.2	0.97127
1156.4	0.97148
1156.6	0.9717
1156.8	0.97192
1157.0	0.97214
1157.2	0.97236
1157.4	0.97257
1157.6	0.97279
1157.8	0.97301
1158.0	0.97323
1158.2	0.97344
1158.4	0.97366
1158.6	0.97388
1158.8	0.9741
1159.0	0.97432
1159.2	0.97453
1159.4	0.97475
1159.6	0.97497
1159.8	0.97519
1160.0	0.9753
1160.2	0.9752
1160.4	0.97511
1160.6	0.97501
1160.8	0.97492
1161.0	0.97482
1161.2	0.97473
1161.4	0.97463
1161.6	0.97454
1161.8	0.97444
1162.0	0.97435
1162.2	0.97425
1162.4	0.97416
1162.6	0.97406
1162.8	0.97397
1163.0	0.97387
1163.2	0.97378
1163.4	0.97368
1163.6	0.97359
1163.8	0.97349
1164.0	0.9734
1164.2	0.9733
1164.4	0.97321
1164.6	0.97311
1164.8	0.97302
1165.0	0.97286
1165.2	0.97259
1165.4	0.97232
1165.6	0.97205
1165.8	0.97178
1166.0	0.97151
1166.2	0.97124
1166.4	0.97097
1166.6	0.9707
1166.8	0.97043
1167.0	0.97016
1167.2	0.96989
1167.4	0.96962
1167.6	0.96935
1167.8	0.96908
1168.0	0.96881
1168.2	0.96854
1168.4	0.96827
1168.6	0.968
1168.8	0.96773
1169.0	0.96746
1169.2	0.9672
1169.4	0.96693
1169.6	0.96666
1169.8	0.96639
1170.0	0.96616
1170.2	0.96603
1170.4	0.96589
1170.6	0.96575
1170.8	0.96562
1171.0	0.96548
1171.2	0.96534
1171.4	0.96521
1171.6	0.96507
1171.8	0.96493
1172.0	0.9648
1172.2	0.96466
1172.4	0.96453
1172.6	0.96439
1172.8	0.96425
1173.0	0.96412
1173.2	0.96398
1173.4	0.96384
1173.6	0.96371
1173.8	0.96357
1174.0	0.96343
1174.2	0.9633
1174.4	0.96316
1174.6	0.96303
1174.8	0.96289
1175.0	0.96288
1175.2	0.96312
1175.4	0.96336
1175.6	0.9636
1175.8	0.96384
1176.0	0.96408
1176.2	0.96432
1176.4	0.96455
1176.6	0.96479
1176.8	0.96503
1177.0	0.96527
1177.2	0.96551
1177.4	0.96575
1177.6	0.96599
1177.8	0.96623
1178.0	0.96647
1178.2	0.9667
1178.4	0.96694
1178.6	0.96718
1178.8	0.96742
1179.0	0.96766
1179.2	0.9679
1179.4	0.96814
1179.6	0.96838
1179.8	0.96861
1180.0	0.96874
1180.2	0.96866
1180.4	0.96858
1180.6	0.9685
1180.8	0.96841
1181.0	0.96833
1181.2	0.96825
1181.4	0.96817
1181.6	0.96809
1181.8	0.96801
1182.0	0.96792
1182.2	0.96784
1182.4	0.96776
1182.6	0.96768
1182.8	0.9676
1183.0	0.96752
1183.2	0.96743
1183.4	0.96735
1183.6	0.96727
1183.8	0.96719
1184.0	0.96711
1184.2	0.96702
1184.4	0.96694
1184.6	0.96686
1184.8	0.96678
1185.0	0.96679
1185.2	0.96697
1185.4	0.96716
1185.6	0.96734
1185.8	0.96753
1186.0	0.96771
1186.2	0.96789
1186.4	0.96808
1186.6	0.96826
1186.8	0.96845
1187.0	0.96863
1187.2	0.96881
1187.4	0.969
1187.6	0.96918
1187.8	0.96937
1188.0	0.96955
1188.2	0.96973
1188.4	0.96992
1188.6	0.9701
1188.8	0.97029
1189.0	0.97047
1189.2	0.97065
1189.4	0.97084
1189.6	0.97102
1189.8	0.97121
1190.0	0.97136
1190.2	0.97147
1190.4	0.97159
1190.6	0.9717
1190.8	0.97181
1191.0	0.97192
1191.2	0.97203
1191.4	0.97214
1191.6	0.97225
1191.8	0.97236
1192.0	0.97247
1192.2	0.97258
1192.4	0.9727
1192.6	0.97281
1192.8	0.97292
1193.0	0.97303
1193.2	0.97314
1193.4	0.97325
1193.6	0.97336
1193.8	0.97347
1194.0	0.97358
1194.2	0.97369
1194.4	0.97381
1194.6	0.97392
1194.8	0.97403
1195.0	0.97406
1195.2	0.97396
1195.4	0.97386
1195.6	0.97376
1195.8	0.97366
1196.0	0.97356
1196.2	0.97346
1196.4	0.97336
1196.6	0.97326
1196.8	0.97316
1197.0	0.97306
1197.2	0.97296
1197.4	0.97286
1197.6	0.97276
1197.8	0.97265
1198.0	0.97255
1198.2	0.97245
1198.4	0.97235
1198.6	0.97225
1198.8	0.97215
1199.0	0.97205
1199.2	0.97195
1199.4	0.97185
1199.6	0.97175
1199.8	0.97165
1200.0	0.97163
1200.2	0.97177
1200.4	0.97191
1200.6	0.97205
1200.8	0.97219
1201.0	0.97233
1201.2	0.97247
1201.4	0.97261
1201.6	0.97275
1201.8	0.97289
1202.0	0.97303
1202.2	0.97317
1202.4	0.97331
1202.6	0.97345
1202.8	0.97359
1203.0	0.97373
1203.2	0.97387
1203.4	0.97401
1203.6	0.97415
1203.8	0.97429
1204.0	0.97442
1204.2	0.97456
1204.4	0.9747
1204.6	0.97484
1204.8	0.97498
1205.0	0.97511
1205.2	0.9752
1205.4	0.97529
1205.6	0.97539
1205.8	0.97548
1206.0	0.97557
1206.2	0.97567
1206.4	0.97576
1206.6	0.97586
1206.8	0.97595
1207.0	0.97604
1207.2	0.97614
1207.4	0.97623
1207.6	0.97632
1207.8	0.97642
1208.0	0.97651
1208.2	0.97661
1208.4	0.9767
1208.6	0.97679
1208.8	0.97689
1209.0	0.97698
1209.2	0.97707
1209.4	0.97717
1209.6	0.97726
1209.8	0.97736
1210.0	0.97745
