300.0	1.1167e-06
300.2	1.1683e-06
300.4	1.2223e-06
300.6	1.2788e-06
300.8	1.3379e-06
301.0	1.3998e-06
301.2	1.4645e-06
301.4	1.5322e-06
301.6	1.603e-06
301.8	1.6771e-06
302.0	1.7547e-06
302.2	1.8358e-06
302.4	1.9207e-06
302.6	2.0094e-06
302.8	2.1023e-06
303.0	2.1995e-06
303.2	2.3012e-06
303.4	2.4076e-06
303.6	2.5189e-06
303.8	2.6354e-06
304.0	2.6873e-06
304.2	2.7365e-06
304.4	2.7867e-06
304.6	2.8377e-06
304.8	2.8897e-06
305.0	2.9427e-06
305.2	2.1176e-06
305.4	1.5239e-06
305.6	1.0967e-06
305.8	7.8918e-07
306.0	5.6792e-07
306.2	6.0802e-07
306.4	7.3052e-07
306.6	8.777e-07
306.8	1.0545e-06
307.0	1.267e-06
307.2	1.5223e-06
307.4	1.829e-06
307.6	2.1975e-06
307.8	2.6402e-06
308.0	3.0165e-06
308.2	3.201e-06
308.4	3.3967e-06
308.6	3.6044e-06
308.8	3.8248e-06
309.0	4.0587e-06
309.2	4.3068e-06
309.4	4.5702e-06
309.6	4.8496e-06
309.8	5.1181e-06
310.0	4.7374e-06
310.2	4.3851e-06
310.4	4.0589e-06
310.6	3.757e-06
310.8	3.4776e-06
311.0	3.2189e-06
311.2	2.9795e-06
311.4	2.7579e-06
311.6	2.5527e-06
311.8	2.1985e-06
312.0	1.8289e-06
312.2	1.5214e-06
312.4	1.2656e-06
312.6	1.0528e-06
312.8	8.7576e-07
313.0	7.2851e-07
313.2	6.0602e-07
313.4	5.0412e-07
313.6	4.7884e-07
313.8	6.11e-07
314.0	7.7964e-07
314.2	9.9482e-07
314.4	1.2694e-06
314.6	1.6198e-06
314.8	2.0668e-06
315.0	2.6373e-06
315.2	3.3652e-06
315.4	4.294e-06
315.6	3.4251e-06
315.8	2.6653e-06
316.0	2.074e-06
316.2	1.6139e-06
316.4	1.2559e-06
316.6	9.7725e-07
316.8	7.6045e-07
317.0	5.9175e-07
317.2	4.6048e-07
317.4	4.8647e-07
317.6	6.3558e-07
317.8	8.304e-07
318.0	1.0849e-06
318.2	1.4175e-06
318.4	1.852e-06
318.6	2.4197e-06
318.8	3.1613e-06
319.0	4.1304e-06
319.2	5.073e-06
319.4	5.0955e-06
319.6	5.1181e-06
319.8	5.1408e-06
320.0	5.1636e-06
320.2	5.1865e-06
320.4	5.2095e-06
320.6	5.2326e-06
320.8	5.2557e-06
321.0	5.279e-06
321.2	5.5966e-06
321.4	5.9791e-06
321.6	6.3878e-06
321.8	6.8244e-06
322.0	7.2909e-06
322.2	7.7893e-06
322.4	8.3217e-06
322.6	8.8905e-06
322.8	9.4982e-06
323.0	9.6814e-06
323.2	9.457e-06
323.4	9.2379e-06
323.6	9.0238e-06
323.8	8.8147e-06
324.0	8.6105e-06
324.2	8.411e-06
324.4	8.2161e-06
324.6	8.0257e-06
324.8	7.9463e-06
325.0	8.3849e-06
325.2	8.8478e-06
325.4	9.3361e-06
325.6	9.8514e-06
325.8	1.0395e-05
326.0	1.0969e-05
326.2	1.1574e-05
326.4	1.2213e-05
326.6	1.2887e-05
326.8	1.3122e-05
327.0	1.3259e-05
327.2	1.3399e-05
327.4	1.3539e-05
327.6	1.3681e-05
327.8	1.3825e-05
328.0	1.397e-05
328.2	1.4117e-05
328.4	1.4265e-05
328.6	1.4262e-05
328.8	1.4091e-05
329.0	1.3922e-05
329.2	1.3755e-05
329.4	1.359e-05
329.6	1.3427e-05
329.8	1.3266e-05
330.0	1.3108e-05
330.2	1.295e-05
330.4	1.2863e-05
330.6	1.3239e-05
330.8	1.3625e-05
331.0	1.4023e-05
331.2	1.4432e-05
331.4	1.4853e-05
331.6	1.5286e-05
331.8	1.5733e-05
332.0	1.6192e-05
332.2	1.6664e-05
332.4	1.6983e-05
332.6	1.7261e-05
332.8	1.7544e-05
333.0	1.7831e-05
333.2	1.8123e-05
333.4	1.842e-05
333.6	1.8721e-05
333.8	1.9028e-05
334.0	1.934e-05
334.2	1.956e-05
334.4	1.966e-05
334.6	1.9762e-05
334.8	1.9864e-05
335.0	1.9966e-05
335.2	2.0069e-05
335.4	2.0172e-05
335.6	2.0276e-05
335.8	2.0381e-05
336.0	2.0533e-05
336.2	2.1092e-05
336.4	2.1667e-05
336.6	2.2258e-05
336.8	2.2864e-05
337.0	2.3487e-05
337.2	2.4127e-05
337.4	2.4785e-05
337.6	2.546e-05
337.8	2.6154e-05
338.0	2.6884e-05
338.2	2.764e-05
338.4	2.8417e-05
338.6	2.9216e-05
338.8	3.0037e-05
339.0	3.0882e-05
339.2	3.175e-05
339.4	3.2642e-05
339.6	3.356e-05
339.8	3.4092e-05
340.0	3.4096e-05
340.2	3.4101e-05
340.4	3.4105e-05
340.6	3.411e-05
340.8	3.4114e-05
341.0	3.4119e-05
341.2	3.4123e-05
341.4	3.4128e-05
341.6	3.4309e-05
341.8	3.6125e-05
342.0	3.8037e-05
342.2	4.0051e-05
342.4	4.2171e-05
342.6	4.4404e-05
342.8	4.6754e-05
343.0	4.9229e-05
343.2	5.1836e-05
343.4	5.458e-05
343.6	5.6002e-05
343.8	5.7018e-05
344.0	5.8053e-05
344.2	5.9107e-05
344.4	6.018e-05
344.6	6.1273e-05
344.8	6.2385e-05
345.0	6.3517e-05
345.2	6.4671e-05
345.4	6.5374e-05
345.6	6.5486e-05
345.8	6.5598e-05
346.0	6.571e-05
346.2	6.5822e-05
346.4	6.5934e-05
346.6	6.6047e-05
346.8	6.6159e-05
347.0	6.6272e-05
347.2	6.6168e-05
347.4	6.4328e-05
347.6	6.254e-05
347.8	6.0801e-05
348.0	5.9111e-05
348.2	5.7468e-05
348.4	5.587e-05
348.6	5.4317e-05
348.8	5.2807e-05
349.0	5.1339e-05
349.2	5.2301e-05
349.4	5.3968e-05
349.6	5.5687e-05
349.8	5.7462e-05
350.0	5.9293e-05
350.2	6.1182e-05
350.4	6.3131e-05
350.6	6.5143e-05
350.8	6.7219e-05
351.0	7.276e-05
351.2	8.3308e-05
351.4	9.5385e-05
351.6	1.0921e-04
351.8	1.2505e-04
352.0	1.4318e-04
352.2	1.6393e-04
352.4	1.877e-04
352.6	2.1491e-04
352.8	2.4995e-04
353.0	3.2013e-04
353.2	4.1e-04
353.4	5.251e-04
353.6	6.7251e-04
353.8	8.6131e-04
354.0	0.0011
354.2	0.00141
354.4	0.00181
354.6	0.00232
354.8	0.00244
355.0	0.00245
355.2	0.00247
355.4	0.00248
355.6	0.0025
355.8	0.00251
356.0	0.00253
356.2	0.00254
356.4	0.00256
356.6	0.00255
356.8	0.00253
357.0	0.0025
357.2	0.00247
357.4	0.00245
357.6	0.00242
357.8	0.00239
358.0	0.00237
358.2	0.00234
358.4	0.00232
358.6	0.00233
358.8	0.00234
359.0	0.00235
359.2	0.00236
359.4	0.00237
359.6	0.00238
359.8	0.00239
360.0	0.0024
360.2	0.00241
360.4	0.0024
360.6	0.0024
360.8	0.00239
361.0	0.00238
361.2	0.00237
361.4	0.00237
361.6	0.00236
361.8	0.00235
362.0	0.00234
362.2	0.00226
362.4	0.00213
362.6	0.002
362.8	0.00188
363.0	0.00177
363.2	0.00166
363.4	0.00157
363.6	0.00147
363.8	0.00138
364.0	0.00127
364.2	0.00107
364.4	9.1027e-04
364.6	7.7107e-04
364.8	6.5315e-04
365.0	5.5327e-04
365.2	4.6162e-04
365.4	4.0602e-04
365.6	4.812e-04
365.8	4.4084e-04
366.0	4.6377e-04
366.2	4.5002e-04
366.4	4.3407e-04
366.6	4.3911e-04
366.8	4.1703e-04
367.0	4.5251e-04
367.2	4.9451e-04
367.4	4.914e-04
367.6	5.0122e-04
367.8	4.9958e-04
368.0	5.4246e-04
368.2	5.6034e-04
368.4	6.1789e-04
368.6	5.8441e-04
368.8	5.7666e-04
369.0	5.6057e-04
369.2	5.4746e-04
369.4	5.3987e-04
369.6	4.8235e-04
369.8	4.8919e-04
370.0	5.141e-04
370.2	5.3099e-04
370.4	5.0247e-04
370.6	5.3341e-04
370.8	6.016e-04
371.0	6.1227e-04
371.2	7.239e-04
371.4	0.00115
371.6	0.00174
371.8	0.00224
372.0	0.00246
372.2	0.00262
372.4	0.00238
372.6	0.00202
372.8	0.00143
373.0	0.00101
373.2	8.3437e-04
373.4	7.5922e-04
373.6	7.3774e-04
373.8	7.8818e-04
374.0	8.0522e-04
374.2	7.3525e-04
374.4	7.7214e-04
374.6	7.8889e-04
374.8	8.3773e-04
375.0	8.5088e-04
375.2	8.4798e-04
375.4	8.9763e-04
375.6	9.2309e-04
375.8	9.3466e-04
376.0	0.00101
376.2	0.00111
376.4	0.00127
376.6	0.00149
376.8	0.00183
377.0	0.0025
377.2	0.0032
377.4	0.00414
377.6	0.00492
377.8	0.00561
378.0	0.00595
378.2	0.0058
378.4	0.00548
378.6	0.0051
378.8	0.00483
379.0	0.00501
379.2	0.00535
379.4	0.0063
379.6	0.00788
379.8	0.01085
380.0	0.01588
380.2	0.02479
380.4	0.03731
380.6	0.05183
380.8	0.06566
381.0	0.07656
381.2	0.08388
381.4	0.08634
381.6	0.08682
381.8	0.08851
382.0	0.09405
382.2	0.10169
382.4	0.10754
382.6	0.10982
382.8	0.10794
383.0	0.1015
383.2	0.09016
383.4	0.07532
383.6	0.06161
383.8	0.04904
384.0	0.03827
384.2	0.02984
384.4	0.02499
384.6	0.02317
384.8	0.02362
385.0	0.02546
385.2	0.02918
385.4	0.03463
385.6	0.04168
385.8	0.04896
386.0	0.05652
386.2	0.06179
386.4	0.06418
386.6	0.06356
386.8	0.05972
387.0	0.0538
387.2	0.04697
387.4	0.04029
387.6	0.03523
387.8	0.0311
388.0	0.02797
388.2	0.02599
388.4	0.02451
388.6	0.02392
388.8	0.02373
389.0	0.02416
389.2	0.02509
389.4	0.02677
389.6	0.0296
389.8	0.03418
390.0	0.04066
390.2	0.05102
390.4	0.06718
390.6	0.09166
390.8	0.12461
391.0	0.16116
391.2	0.19521
391.4	0.21837
391.6	0.23174
391.8	0.23011
392.0	0.21446
392.2	0.18831
392.4	0.16201
392.6	0.14007
392.8	0.12545
393.0	0.11744
393.2	0.11382
393.4	0.11072
393.6	0.10522
393.8	0.09553
394.0	0.08154
394.2	0.06459
394.4	0.04756
394.6	0.03252
394.8	0.02181
395.0	0.01496
395.2	0.01069
395.4	0.00816
395.6	0.00667
395.8	0.00559
396.0	0.00496
396.2	0.00458
396.4	0.00442
396.6	0.00428
396.8	0.0045
397.0	0.00548
397.2	0.00791
397.4	0.01108
397.6	0.014
397.8	0.01689
398.0	0.02171
398.2	0.0334
398.4	0.05628
398.6	0.08199
398.8	0.0994
399.0	0.10608
399.2	0.105
399.4	0.09446
399.6	0.0733
399.8	0.04513
400.0	0.02256
400.2	0.01142
400.4	0.00721
400.6	0.00559
400.8	0.00476
401.0	0.00429
401.2	0.00419
401.4	0.00406
401.6	0.00413
401.8	0.0044
402.0	0.00477
402.2	0.00525
402.4	0.00595
402.6	0.00672
402.8	0.00757
403.0	0.0084
403.2	0.00935
403.4	0.01001
403.6	0.01052
403.8	0.01104
404.0	0.01126
404.2	0.0113
404.4	0.01137
404.6	0.01152
404.8	0.01198
405.0	0.01297
405.2	0.01496
405.4	0.0177
405.6	0.02066
405.8	0.02306
406.0	0.02428
406.2	0.02353
406.4	0.02147
406.6	0.01827
406.8	0.01431
407.0	0.01044
407.2	0.00722
407.4	0.00498
407.6	0.00372
407.8	0.00282
408.0	0.00231
408.2	0.00199
408.4	0.0018
408.6	0.00166
408.8	0.00153
409.0	0.00149
409.2	0.00146
409.4	0.00144
409.6	0.00143
409.8	0.00145
410.0	0.00143
410.2	0.00149
410.4	0.00156
410.6	0.00159
410.8	0.00163
411.0	0.00168
411.2	0.00177
411.4	0.00181
411.6	0.00186
411.8	0.00181
412.0	0.00178
412.2	0.00168
412.4	0.00159
412.6	0.00148
412.8	0.00139
413.0	0.00129
413.2	0.00119
413.4	0.00113
413.6	0.00105
413.8	0.001
414.0	9.3595e-04
414.2	9.4183e-04
414.4	8.8943e-04
414.6	8.8442e-04
414.8	8.6578e-04
415.0	3.8005e-04
415.2	3.6263e-04
415.4	3.6638e-04
415.6	3.8679e-04
415.8	4.1103e-04
416.0	4.6017e-04
416.2	5.2375e-04
416.4	6.0276e-04
416.6	6.9795e-04
416.8	8.2583e-04
417.0	9.9603e-04
417.2	0.00123
417.4	0.00159
417.6	0.00212
417.8	0.00307
418.0	0.00445
418.2	0.00647
418.4	0.00928
418.6	0.01122
418.8	0.01357
419.0	0.01397
419.2	0.01429
419.4	0.01296
419.6	0.0115
419.8	0.00904
420.0	0.00681
420.2	0.00488
420.4	0.00339
420.6	0.00248
420.8	0.0019
421.0	0.00151
421.2	0.00127
421.4	0.00109
421.6	9.7389e-04
421.8	8.7763e-04
422.0	8.1929e-04
422.2	7.6616e-04
422.4	7.3467e-04
422.6	7.0448e-04
422.8	7.0011e-04
423.0	6.9709e-04
423.2	7.1199e-04
423.4	7.3075e-04
423.6	7.6108e-04
423.8	7.9698e-04
424.0	8.5393e-04
424.2	9.2819e-04
424.4	0.00103
424.6	0.00116
424.8	0.00132
425.0	0.00154
425.2	0.0018
425.4	0.00221
425.6	0.00285
425.8	0.00376
426.0	0.00508
426.2	0.00702
426.4	0.00962
426.6	0.01268
426.8	0.01605
427.0	0.01944
427.2	0.02236
427.4	0.02433
427.6	0.02541
427.8	0.02552
428.0	0.02469
428.2	0.02294
428.4	0.02039
428.6	0.01804
428.8	0.01605
429.0	0.01448
429.2	0.0135
429.4	0.01288
429.6	0.01248
429.8	0.01223
430.0	0.01208
430.2	0.01174
430.4	0.01135
430.6	0.01086
430.8	0.01028
431.0	0.00964
431.2	0.00889
431.4	0.00813
431.6	0.00737
431.8	0.00665
432.0	0.00597
432.2	0.00536
432.4	0.00489
432.6	0.00452
432.8	0.00421
433.0	0.00402
433.2	0.00389
433.4	0.00385
433.6	0.00389
433.8	0.00404
434.0	0.00427
434.2	0.0046
434.4	0.00501
434.6	0.00552
434.8	0.00616
435.0	0.00654
435.2	0.00746
435.4	0.00861
435.6	0.00997
435.8	0.01161
436.0	0.01344
436.2	0.01525
436.4	0.01717
436.6	0.01895
436.8	0.02041
437.0	0.02149
437.2	0.02221
437.4	0.02269
437.6	0.02287
437.8	0.02278
438.0	0.02265
438.2	0.02238
438.4	0.02223
438.6	0.02227
438.8	0.02231
439.0	0.02225
439.2	0.02219
439.4	0.0218
439.6	0.02128
439.8	0.02064
440.0	0.01987
440.2	0.01893
440.4	0.01786
440.6	0.01678
440.8	0.01571
441.0	0.01462
441.2	0.01359
441.4	0.01243
441.6	0.01123
441.8	0.00986
442.0	0.00856
442.2	0.00732
442.4	0.00613
442.6	0.00518
442.8	0.0044
443.0	0.00386
443.2	0.00346
443.4	0.00325
443.6	0.00313
443.8	0.00316
444.0	0.00324
444.2	0.00343
444.4	0.0037
444.6	0.00419
444.8	0.00485
445.0	0.00589
445.2	0.0073
445.4	0.0091
445.6	0.01121
445.8	0.01352
446.0	0.0156
446.2	0.01706
446.4	0.01789
446.6	0.01795
446.8	0.01738
447.0	0.01597
447.2	0.01418
447.4	0.01204
447.6	0.00992
447.8	0.00799
448.0	0.00651
448.2	0.0053
448.4	0.00445
448.6	0.0038
448.8	0.00337
449.0	0.00298
449.2	0.00278
449.4	0.00261
449.6	0.00248
449.8	0.0024
450.0	0.00242
450.2	0.00244
450.4	0.00252
450.6	0.00263
450.8	0.00284
451.0	0.0031
451.2	0.00348
451.4	0.00395
451.6	0.00462
451.8	0.00558
452.0	0.00674
452.2	0.00828
452.4	0.01031
452.6	0.01266
452.8	0.01516
453.0	0.01763
453.2	0.01976
453.4	0.02171
453.6	0.02288
453.8	0.02341
454.0	0.02346
454.2	0.02293
454.4	0.02197
454.6	0.02053
454.8	0.01912
455.0	0.01758
455.2	0.01609
455.4	0.01498
455.6	0.01404
455.8	0.01317
456.0	0.01248
456.2	0.01177
456.4	0.01109
456.6	0.01041
456.8	0.00967
457.0	0.00908
457.2	0.00859
457.4	0.0082
457.6	0.00788
457.8	0.00764
458.0	0.00741
458.2	0.00724
458.4	0.00704
458.6	0.00686
458.8	0.00667
459.0	0.00647
459.2	0.00628
459.4	0.00608
459.6	0.0059
459.8	0.00573
460.0	0.00562
460.2	0.00557
460.4	0.00549
460.6	0.0055
460.8	0.00558
461.0	0.00568
461.2	0.00585
461.4	0.00615
461.6	0.00651
461.8	0.007
462.0	0.00764
462.2	0.00843
462.4	0.00934
462.6	0.0104
462.8	0.0115
463.0	0.01256
463.2	0.01355
463.4	0.01435
463.6	0.01481
463.8	0.01489
464.0	0.01485
464.2	0.01434
464.4	0.0135
464.6	0.01245
464.8	0.01127
465.0	0.01001
465.2	0.00863
465.4	0.00746
465.6	0.00645
465.8	0.00553
466.0	0.00484
466.2	0.00427
466.4	0.0038
466.6	0.00342
466.8	0.00311
467.0	0.0029
467.2	0.00273
467.4	0.00258
467.6	0.00251
467.8	0.00242
468.0	0.00241
468.2	0.0024
468.4	0.00243
468.6	0.00251
468.8	0.00255
469.0	0.00267
469.2	0.00285
469.4	0.00305
469.6	0.00331
469.8	0.0036
470.0	0.00415
470.2	0.00474
470.4	0.00522
470.6	0.00614
470.8	0.00718
471.0	0.00809
471.2	0.00995
471.4	0.0111
471.6	0.01238
471.8	0.01439
472.0	0.0153
472.2	0.01642
472.4	0.01726
472.6	0.01729
472.8	0.01733
473.0	0.01683
473.2	0.01608
473.4	0.01493
473.6	0.01374
473.8	0.01251
474.0	0.01138
474.2	0.01042
474.4	0.00942
474.6	0.00885
474.8	0.00845
475.0	0.00831
475.2	0.00851
475.4	0.00884
475.6	0.00925
475.8	0.00969
476.0	0.01006
476.2	0.0104
476.4	0.0106
476.6	0.01072
476.8	0.01075
477.0	0.01066
477.2	0.01058
477.4	0.01072
477.6	0.01095
477.8	0.01143
478.0	0.01202
478.2	0.01286
478.4	0.01371
478.6	0.01472
478.8	0.01575
479.0	0.01681
479.2	0.01785
479.4	0.01873
479.6	0.01957
479.8	0.02023
480.0	0.02076
480.2	0.02097
480.4	0.02102
480.6	0.02081
480.8	0.02048
481.0	0.02006
481.2	0.01954
481.4	0.01885
481.6	0.01817
481.8	0.01765
482.0	0.01706
482.2	0.0167
482.4	0.01623
482.6	0.01594
482.8	0.0158
483.0	0.01581
483.2	0.01588
483.4	0.01611
483.6	0.01643
483.8	0.0169
484.0	0.01752
484.2	0.01837
484.4	0.0205
484.6	0.02188
484.8	0.02337
485.0	0.02538
485.2	0.02782
485.4	0.03049
485.6	0.034
485.8	0.03614
486.0	0.04054
486.2	0.04637
486.4	0.05315
486.6	0.06101
486.8	0.071
487.0	0.08304
487.2	0.09205
487.4	0.10772
487.6	0.12627
487.8	0.14678
488.0	0.16928
488.2	0.19385
488.4	0.2195
488.6	0.2384
488.8	0.26228
489.0	0.28515
489.2	0.30619
489.4	0.32375
489.6	0.33755
489.8	0.34834
490.0	0.35765
490.2	0.36377
490.4	0.36703
490.6	0.36941
490.8	0.37146
491.0	0.37402
491.2	0.37869
491.4	0.37866
491.6	0.38948
491.8	0.40581
492.0	0.42674
492.2	0.45611
492.4	0.49307
492.6	0.53677
492.8	0.58873
493.0	0.64035
493.2	0.69154
493.4	0.74106
493.6	0.78498
493.8	0.82267
494.0	0.85504
494.2	0.87633
494.4	0.88824
494.6	0.89293
494.8	0.89568
495.0	0.896
495.2	0.89529
495.4	0.89556
495.6	0.89833
495.8	0.90309
496.0	0.90774
496.2	0.91053
496.4	0.91608
496.6	0.92133
496.8	0.92432
497.0	0.92661
497.2	0.92796
497.4	0.92841
497.6	0.92851
497.8	0.92642
498.0	0.92177
498.2	0.91961
498.4	0.91481
498.6	0.9128
498.8	0.9099
499.0	0.90682
499.2	0.90558
499.4	0.90375
499.6	0.90155
499.8	0.89923
500.0	0.89842
500.2	0.89849
500.4	0.89776
500.6	0.89709
500.8	0.89657
501.0	0.8983
501.2	0.90008
501.4	0.90104
501.6	0.90145
501.8	0.90365
502.0	0.90451
502.2	0.90631
502.4	0.90805
502.6	0.9101
502.8	0.91081
503.0	0.91475
503.2	0.91776
503.4	0.92021
503.6	0.92002
503.8	0.92194
504.0	0.9224
504.2	0.92279
504.4	0.92483
504.6	0.92714
504.8	0.9284
505.0	0.92729
505.2	0.92823
505.4	0.92802
505.6	0.92777
505.8	0.92531
506.0	0.92421
506.2	0.92342
506.4	0.92078
506.6	0.92103
506.8	0.9181
507.0	0.91397
507.2	0.91216
507.4	0.91274
507.6	0.90892
507.8	0.9083
508.0	0.9077
508.2	0.90885
508.4	0.91141
508.6	0.91293
508.8	0.91421
509.0	0.91508
509.2	0.91613
509.4	0.91677
509.6	0.91919
509.8	0.92327
510.0	0.92813
510.2	0.93066
510.4	0.93067
510.6	0.93492
510.8	0.93764
511.0	0.93895
511.2	0.94136
511.4	0.94214
511.6	0.94414
511.8	0.94456
512.0	0.94495
512.2	0.94603
512.4	0.94706
512.6	0.94694
512.8	0.94492
513.0	0.94429
513.2	0.94523
513.4	0.94787
513.6	0.94565
513.8	0.94592
514.0	0.94402
514.2	0.94384
514.4	0.94457
514.6	0.94366
514.8	0.94396
515.0	0.94593
515.2	0.94532
515.4	0.94761
515.6	0.94821
515.8	0.9491
516.0	0.94787
516.2	0.94484
516.4	0.94556
516.6	0.94351
516.8	0.94231
517.0	0.94194
517.2	0.93955
517.4	0.93709
517.6	0.93439
517.8	0.93347
518.0	0.93225
518.2	0.93091
518.4	0.92908
518.6	0.92791
518.8	0.92631
519.0	0.92839
519.2	0.92807
519.4	0.92871
519.6	0.92845
519.8	0.92968
520.0	0.93075
520.2	0.92959
520.4	0.93172
520.6	0.93431
520.8	0.93563
521.0	0.93769
521.2	0.94006
521.4	0.94051
521.6	0.93988
521.8	0.94042
522.0	0.94037
522.2	0.94038
522.4	0.93918
522.6	0.93571
522.8	0.93246
523.0	0.92937
523.2	0.92434
523.4	0.9225
523.6	0.92132
523.8	0.91973
524.0	0.91541
524.2	0.91387
524.4	0.91036
524.6	0.90903
524.8	0.90936
525.0	0.90862
525.2	0.90898
525.4	0.90983
525.6	0.91122
525.8	0.91278
526.0	0.91476
526.2	0.9171
526.4	0.91936
526.6	0.92002
526.8	0.92303
527.0	0.92494
527.2	0.92738
527.4	0.93037
527.6	0.93069
527.8	0.93286
528.0	0.93243
528.2	0.9316
528.4	0.93114
528.6	0.92683
528.8	0.92355
529.0	0.91747
529.2	0.90543
529.4	0.89268
529.6	0.87623
529.8	0.85436
530.0	0.82662
530.2	0.79666
530.4	0.76685
530.6	0.73674
530.8	0.70515
531.0	0.67305
531.2	0.6418
531.4	0.61078
531.6	0.58066
531.8	0.55343
532.0	0.52744
532.2	0.50305
532.4	0.48067
532.6	0.45905
532.8	0.43736
533.0	0.41645
533.2	0.39477
533.4	0.37295
533.6	0.34947
533.8	0.32656
534.0	0.30216
534.2	0.2772
534.4	0.25221
534.6	0.22782
534.8	0.20368
535.0	0.18094
535.2	0.15973
535.4	0.14062
535.6	0.12262
535.8	0.10678
536.0	0.09257
536.2	0.08037
536.4	0.07004
536.6	0.06083
536.8	0.05277
537.0	0.04592
537.2	0.04012
537.4	0.03525
537.6	0.03117
537.8	0.02746
538.0	0.02432
538.2	0.02162
538.4	0.01944
538.6	0.0174
538.8	0.01568
539.0	0.0143
539.2	0.013
539.4	0.01186
539.6	0.01089
539.8	0.00996
540.0	0.00967
540.2	0.0094
540.4	0.00873
540.6	0.00814
540.8	0.00765
541.0	0.00716
541.2	0.00673
541.4	0.00633
541.6	0.00599
541.8	0.00566
542.0	0.00547
542.2	0.00524
542.4	0.00499
542.6	0.00482
542.8	0.00467
543.0	0.00453
543.2	0.00439
543.4	0.00424
543.6	0.00421
543.8	0.00411
544.0	0.00401
544.2	0.00398
544.4	0.00393
544.6	0.00388
544.8	0.00387
545.0	0.00386
545.2	0.00386
545.4	0.0039
545.6	0.00391
545.8	0.00396
546.0	0.00404
546.2	0.00411
546.4	0.00421
546.6	0.00429
546.8	0.00442
547.0	0.0046
547.2	0.0047
547.4	0.0049
547.6	0.0051
547.8	0.00535
548.0	0.00568
548.2	0.00602
548.4	0.0064
548.6	0.00678
548.8	0.00731
549.0	0.00792
549.2	0.00857
549.4	0.00935
549.6	0.01028
549.8	0.01134
550.0	0.01203
550.2	0.01286
550.4	0.01447
550.6	0.01626
550.8	0.01843
551.0	0.02082
551.2	0.02357
551.4	0.02651
551.6	0.02941
551.8	0.03252
552.0	0.0356
552.2	0.03814
552.4	0.04027
552.6	0.04201
552.8	0.04331
553.0	0.04389
553.2	0.044
553.4	0.04353
553.6	0.04242
553.8	0.04093
554.0	0.03909
554.2	0.03689
554.4	0.03427
554.6	0.03175
554.8	0.02909
555.0	0.02659
555.2	0.02416
555.4	0.02191
555.6	0.01986
555.8	0.01794
556.0	0.01628
556.2	0.01482
556.4	0.01353
556.6	0.01244
556.8	0.01154
557.0	0.01079
557.2	0.01013
557.4	0.00952
557.6	0.00902
557.8	0.00862
558.0	0.00832
558.2	0.008
558.4	0.00774
558.6	0.00758
558.8	0.00737
559.0	0.00722
559.2	0.00714
559.4	0.007
559.6	0.00697
559.8	0.00693
560.0	0.00705
560.2	0.00703
560.4	0.0071
560.6	0.00716
560.8	0.00719
561.0	0.0073
561.2	0.00741
561.4	0.00765
561.6	0.00793
561.8	0.00814
562.0	0.00836
562.2	0.00859
562.4	0.00888
562.6	0.0092
562.8	0.0097
563.0	0.01048
563.2	0.01098
563.4	0.01148
563.6	0.01207
563.8	0.01268
564.0	0.0135
564.2	0.01416
564.4	0.01443
564.6	0.01533
564.8	0.01638
565.0	0.01756
565.2	0.01888
565.4	0.02024
565.6	0.02193
565.8	0.0226
566.0	0.02452
566.2	0.0266
566.4	0.02901
566.6	0.03175
566.8	0.03474
567.0	0.03828
567.2	0.0415
567.4	0.04602
567.6	0.05083
567.8	0.05631
568.0	0.06271
568.2	0.06999
568.4	0.07817
568.6	0.08376
568.8	0.09375
569.0	0.10478
569.2	0.11705
569.4	0.13083
569.6	0.1462
569.8	0.16213
570.0	0.17969
570.2	0.19888
570.4	0.2187
570.6	0.23908
570.8	0.26093
571.0	0.28311
571.2	0.3049
571.4	0.32291
571.6	0.34351
571.8	0.36355
572.0	0.38273
572.2	0.40046
572.4	0.41696
572.6	0.43161
572.8	0.44794
573.0	0.45967
573.2	0.46924
573.4	0.48058
573.6	0.49066
573.8	0.50005
574.0	0.51044
574.2	0.52077
574.4	0.53099
574.6	0.54335
574.8	0.5585
575.0	0.57444
575.2	0.59767
575.4	0.62027
575.6	0.64326
575.8	0.66729
576.0	0.69521
576.2	0.72124
576.4	0.75009
576.6	0.77807
576.8	0.80326
577.0	0.82799
577.2	0.84853
577.4	0.86866
577.6	0.88512
577.8	0.89924
578.0	0.91097
578.2	0.91911
578.4	0.92577
578.6	0.93044
578.8	0.93155
579.0	0.93245
579.2	0.9297
579.4	0.92724
579.6	0.92622
579.8	0.92332
580.0	0.92304
580.2	0.92501
580.4	0.92454
580.6	0.92437
580.8	0.92597
581.0	0.92657
581.2	0.92605
581.4	0.92668
581.6	0.92928
581.8	0.9313
582.0	0.93061
582.2	0.9324
582.4	0.93412
582.6	0.93567
582.8	0.93565
583.0	0.93799
583.2	0.93958
583.4	0.93938
583.6	0.93866
583.8	0.93832
584.0	0.93661
584.2	0.93542
584.4	0.93728
584.6	0.93788
584.8	0.93584
585.0	0.93712
585.2	0.93729
585.4	0.93498
585.6	0.93319
585.8	0.9306
586.0	0.92869
586.2	0.92923
586.4	0.92735
586.6	0.92725
586.8	0.9272
587.0	0.92636
587.2	0.92656
587.4	0.92816
587.6	0.92612
587.8	0.92649
588.0	0.92835
588.2	0.92938
588.4	0.9275
588.6	0.92774
588.8	0.92673
589.0	0.92694
589.2	0.92672
589.4	0.92704
589.6	0.92977
589.8	0.93107
590.0	0.93202
590.2	0.9343
590.4	0.9341
590.6	0.9346
590.8	0.93689
591.0	0.93913
591.2	0.94053
591.4	0.93867
591.6	0.93889
591.8	0.94305
592.0	0.94316
592.2	0.94374
592.4	0.94453
592.6	0.94415
592.8	0.94456
593.0	0.94496
593.2	0.94553
593.4	0.94483
593.6	0.94432
593.8	0.94519
594.0	0.94605
594.2	0.94543
594.4	0.94721
594.6	0.94491
594.8	0.94536
595.0	0.94572
595.2	0.94619
595.4	0.94608
595.6	0.94321
595.8	0.94117
596.0	0.94183
596.2	0.94191
596.4	0.94289
596.6	0.94262
596.8	0.94221
597.0	0.94225
597.2	0.94018
597.4	0.939
597.6	0.9389
597.8	0.9381
598.0	0.94034
598.2	0.94066
598.4	0.93899
598.6	0.93921
598.8	0.93952
599.0	0.93934
599.2	0.93991
599.4	0.94041
599.6	0.93858
599.8	0.93819
600.0	0.93869
600.2	0.94095
600.4	0.93892
600.6	0.93715
600.8	0.93741
601.0	0.93768
601.2	0.93855
601.4	0.93755
601.6	0.9361
601.8	0.93756
602.0	0.93898
602.2	0.93925
602.4	0.94039
602.6	0.94094
602.8	0.9407
603.0	0.93948
603.2	0.93785
603.4	0.93834
603.6	0.93873
603.8	0.938
604.0	0.93702
604.2	0.93543
604.4	0.93712
604.6	0.93588
604.8	0.93547
605.0	0.93674
605.2	0.93482
605.4	0.93423
605.6	0.93379
605.8	0.93332
606.0	0.93501
606.2	0.93639
606.4	0.93258
606.6	0.93217
606.8	0.93183
607.0	0.9329
607.2	0.93292
607.4	0.93108
607.6	0.93139
607.8	0.931
608.0	0.93146
608.2	0.92986
608.4	0.93025
608.6	0.93098
608.8	0.93017
609.0	0.93137
609.2	0.93022
609.4	0.93151
609.6	0.9302
609.8	0.93005
610.0	0.93016
610.2	0.92919
610.4	0.92939
610.6	0.92998
610.8	0.92873
611.0	0.92751
611.2	0.92838
611.4	0.92808
611.6	0.92703
611.8	0.92913
612.0	0.92859
612.2	0.92832
612.4	0.92792
612.6	0.92823
612.8	0.92864
613.0	0.93178
613.2	0.93325
613.4	0.93412
613.6	0.93379
613.8	0.93275
614.0	0.92947
614.2	0.93238
614.4	0.93364
614.6	0.93498
614.8	0.93448
615.0	0.93269
615.2	0.93238
615.4	0.93425
615.6	0.9321
615.8	0.93164
616.0	0.93379
616.2	0.93371
616.4	0.93552
616.6	0.93523
616.8	0.93638
617.0	0.93974
617.2	0.93885
617.4	0.93793
617.6	0.93727
617.8	0.93688
618.0	0.93868
618.2	0.94081
618.4	0.94168
618.6	0.94191
618.8	0.94191
619.0	0.94337
619.2	0.94306
619.4	0.94171
619.6	0.94109
619.8	0.94265
620.0	0.94389
620.2	0.94515
620.4	0.94565
620.6	0.94569
620.8	0.94552
621.0	0.94552
621.2	0.94636
621.4	0.94541
621.6	0.94749
621.8	0.94565
622.0	0.94463
622.2	0.94277
622.4	0.94515
622.6	0.94753
622.8	0.94891
623.0	0.94698
623.2	0.94504
623.4	0.94514
623.6	0.94567
623.8	0.94663
624.0	0.94611
624.2	0.94466
624.4	0.94718
624.6	0.94648
624.8	0.94651
625.0	0.94464
625.2	0.9441
625.4	0.94503
625.6	0.94815
625.8	0.94905
626.0	0.94735
626.2	0.94767
626.4	0.94753
626.6	0.94759
626.8	0.94757
627.0	0.95095
627.2	0.95206
627.4	0.95228
627.6	0.95216
627.8	0.95045
628.0	0.95041
628.2	0.95102
628.4	0.95125
628.6	0.95105
628.8	0.95041
629.0	0.95108
629.2	0.95088
629.4	0.94999
629.6	0.95028
629.8	0.94962
630.0	0.95084
630.2	0.9522
630.4	0.95118
630.6	0.95011
630.8	0.94841
631.0	0.94916
631.2	0.94641
631.4	0.94609
631.6	0.94892
631.8	0.95055
632.0	0.95225
632.2	0.94991
632.4	0.9472
632.6	0.94673
632.8	0.94588
633.0	0.9449
633.2	0.94539
633.4	0.94553
633.6	0.94417
633.8	0.94532
634.0	0.94631
634.2	0.94733
634.4	0.94275
634.6	0.94329
634.8	0.94397
635.0	0.9454
635.2	0.94458
635.4	0.94466
635.6	0.94566
635.8	0.94575
636.0	0.94456
636.2	0.94475
636.4	0.94562
636.6	0.94547
636.8	0.94242
637.0	0.94318
637.2	0.94314
637.4	0.9421
637.6	0.94432
637.8	0.94725
638.0	0.94637
638.2	0.94632
638.4	0.94489
638.6	0.9434
638.8	0.94426
639.0	0.94518
639.2	0.94562
639.4	0.9461
639.6	0.94656
639.8	0.94646
640.0	0.94796
640.2	0.94768
640.4	0.94747
640.6	0.94975
640.8	0.94982
641.0	0.95144
641.2	0.9512
641.4	0.95143
641.6	0.94901
641.8	0.95009
642.0	0.9485
642.2	0.94872
642.4	0.9474
642.6	0.948
642.8	0.94975
643.0	0.94884
643.2	0.9477
643.4	0.9478
643.6	0.94779
643.8	0.94584
644.0	0.94536
644.2	0.94811
644.4	0.94765
644.6	0.94519
644.8	0.94483
645.0	0.94549
645.2	0.94462
645.4	0.94382
645.6	0.9445
645.8	0.94557
646.0	0.94517
646.2	0.94523
646.4	0.94394
646.6	0.94451
646.8	0.94545
647.0	0.94484
647.2	0.94576
647.4	0.94563
647.6	0.94619
647.8	0.94436
648.0	0.94425
648.2	0.94285
648.4	0.94293
648.6	0.94362
648.8	0.94272
649.0	0.9441
649.2	0.94484
649.4	0.94342
649.6	0.94194
649.8	0.94272
650.0	0.94396
650.2	0.94394
650.4	0.9416
650.6	0.94308
650.8	0.94303
651.0	0.94025
651.2	0.94043
651.4	0.94078
651.6	0.94265
651.8	0.94279
652.0	0.94419
652.2	0.94494
652.4	0.9445
652.6	0.94413
652.8	0.94225
653.0	0.94261
653.2	0.94216
653.4	0.94274
653.6	0.94402
653.8	0.94463
654.0	0.94338
654.2	0.94447
654.4	0.94548
654.6	0.94442
654.8	0.94341
655.0	0.94174
655.2	0.94187
655.4	0.94252
655.6	0.94229
655.8	0.94465
656.0	0.94473
656.2	0.94362
656.4	0.94158
656.6	0.93919
656.8	0.93877
657.0	0.94001
657.2	0.94028
657.4	0.93986
657.6	0.93892
657.8	0.93769
658.0	0.93628
658.2	0.9365
658.4	0.93554
658.6	0.93688
658.8	0.93783
659.0	0.93918
659.2	0.93949
659.4	0.9373
659.6	0.93499
659.8	0.93476
660.0	0.93549
660.2	0.935
660.4	0.93325
660.6	0.93328
660.8	0.93262
661.0	0.93546
661.2	0.93839
661.4	0.93741
661.6	0.93635
661.8	0.93746
662.0	0.93787
662.2	0.93867
662.4	0.93777
662.6	0.93876
662.8	0.93928
663.0	0.93838
663.2	0.93684
663.4	0.93761
663.6	0.94014
663.8	0.9423
664.0	0.94293
664.2	0.94485
664.4	0.94666
664.6	0.94633
664.8	0.9474
665.0	0.94742
665.2	0.9462
665.4	0.9449
665.6	0.94522
665.8	0.94593
666.0	0.94811
666.2	0.94725
666.4	0.94806
666.6	0.94798
666.8	0.94626
667.0	0.94536
667.2	0.94617
667.4	0.94491
667.6	0.94497
667.8	0.94563
668.0	0.94732
668.2	0.94704
668.4	0.94441
668.6	0.94122
668.8	0.94038
669.0	0.93958
669.2	0.94196
669.4	0.94026
669.6	0.94053
669.8	0.94345
670.0	0.9432
670.2	0.94339
670.4	0.94373
670.6	0.94399
670.8	0.94344
671.0	0.94147
671.2	0.94091
671.4	0.94004
671.6	0.93853
671.8	0.93914
672.0	0.94091
672.2	0.94198
672.4	0.94296
672.6	0.94221
672.8	0.94338
673.0	0.94501
673.2	0.94503
673.4	0.94282
673.6	0.9427
673.8	0.94463
674.0	0.94678
674.2	0.94515
674.4	0.94385
674.6	0.94387
674.8	0.94571
675.0	0.94536
675.2	0.94519
675.4	0.9467
675.6	0.94711
675.8	0.94597
676.0	0.94551
676.2	0.94479
676.4	0.94802
676.6	0.95038
676.8	0.95035
677.0	0.94806
677.2	0.94604
677.4	0.94566
677.6	0.94609
677.8	0.94652
678.0	0.94822
678.2	0.94877
678.4	0.94784
678.6	0.94647
678.8	0.94485
679.0	0.94387
679.2	0.94223
679.4	0.94091
679.6	0.9417
679.8	0.94494
680.0	0.94428
680.2	0.94379
680.4	0.94477
680.6	0.94724
680.8	0.94535
681.0	0.94276
681.2	0.93962
681.4	0.93678
681.6	0.93561
681.8	0.93836
682.0	0.94088
682.2	0.94059
682.4	0.93888
682.6	0.93936
682.8	0.94111
683.0	0.94029
683.2	0.9398
683.4	0.93871
683.6	0.93859
683.8	0.93723
684.0	0.93583
684.2	0.93678
684.4	0.93644
684.6	0.93433
684.8	0.93162
685.0	0.92657
685.2	0.92517
685.4	0.92461
685.6	0.92156
685.8	0.91698
686.0	0.90992
686.2	0.90621
686.4	0.90108
686.6	0.89387
686.8	0.88743
687.0	0.88256
687.2	0.87901
687.4	0.87187
687.6	0.86287
687.8	0.85425
688.0	0.84492
688.2	0.83523
688.4	0.82869
688.6	0.81899
688.8	0.81109
689.0	0.8041
689.2	0.79447
689.4	0.78611
689.6	0.77548
689.8	0.76549
690.0	0.75584
690.2	0.74762
690.4	0.73941
690.6	0.73267
690.8	0.72337
691.0	0.71107
691.2	0.70178
691.4	0.69452
691.6	0.68495
691.8	0.67469
692.0	0.66664
692.2	0.6589
692.4	0.65141
692.6	0.64364
692.8	0.63559
693.0	0.62775
693.2	0.62124
693.4	0.61644
693.6	0.61203
693.8	0.60792
694.0	0.60309
694.2	0.59827
694.4	0.59533
694.6	0.59168
694.8	0.58746
695.0	0.58473
695.2	0.58382
695.4	0.5824
695.6	0.58054
695.8	0.57987
696.0	0.57756
696.2	0.57715
696.4	0.57769
696.6	0.57869
696.8	0.57941
697.0	0.57843
697.2	0.58235
697.4	0.58694
697.6	0.59033
697.8	0.59404
698.0	0.59892
698.2	0.60349
698.4	0.60868
698.6	0.61672
698.8	0.62531
699.0	0.63334
699.2	0.64144
699.4	0.65135
699.6	0.66091
699.8	0.67176
700.0	0.68189
700.2	0.69209
700.4	0.70292
700.6	0.71267
700.8	0.72103
701.0	0.72957
701.2	0.74051
701.4	0.74805
701.6	0.75351
701.8	0.75955
702.0	0.76549
702.2	0.76831
702.4	0.77
702.6	0.76969
702.8	0.76995
703.0	0.77011
703.2	0.76868
703.4	0.7669
703.6	0.76529
703.8	0.76301
704.0	0.76001
704.2	0.75608
704.4	0.75218
704.6	0.74933
704.8	0.74611
705.0	0.74195
705.2	0.73582
705.4	0.73263
705.6	0.73399
705.8	0.73402
706.0	0.73271
706.2	0.73081
706.4	0.73317
706.6	0.73623
706.8	0.73772
707.0	0.73881
707.2	0.74212
707.4	0.74327
707.6	0.74297
707.8	0.74297
708.0	0.74187
708.2	0.7382
708.4	0.73251
708.6	0.7274
708.8	0.71998
709.0	0.70959
709.2	0.69964
709.4	0.68657
709.6	0.67334
709.8	0.65751
710.0	0.64285
710.2	0.62588
710.4	0.60881
710.6	0.59213
710.8	0.57569
711.0	0.55933
711.2	0.54325
711.4	0.52889
711.6	0.51415
711.8	0.50009
712.0	0.48892
712.2	0.48141
712.4	0.47367
712.6	0.46666
712.8	0.46068
713.0	0.45626
713.2	0.45315
713.4	0.45139
713.6	0.44838
713.8	0.44518
714.0	0.44373
714.2	0.44273
714.4	0.44214
714.6	0.4393
714.8	0.43889
715.0	0.43738
715.2	0.4345
715.4	0.4333
715.6	0.43221
715.8	0.43012
716.0	0.42745
716.2	0.42437
716.4	0.42188
716.6	0.42111
716.8	0.41928
717.0	0.41532
717.2	0.41229
717.4	0.40863
717.6	0.40328
717.8	0.39646
718.0	0.39023
718.2	0.38342
718.4	0.37649
718.6	0.36974
718.8	0.36096
719.0	0.35108
719.2	0.34229
719.4	0.33354
719.6	0.32452
719.8	0.31473
720.0	0.30431
720.2	0.29405
720.4	0.28332
720.6	0.27221
720.8	0.26163
721.0	0.25023
721.2	0.23835
721.4	0.22615
721.6	0.21446
721.8	0.20308
722.0	0.19136
722.2	0.18012
722.4	0.16934
722.6	0.15856
722.8	0.14845
723.0	0.13905
723.2	0.12967
723.4	0.12065
723.6	0.11205
723.8	0.10351
724.0	0.09585
724.2	0.08896
724.4	0.0824
724.6	0.07639
724.8	0.07044
725.0	0.06502
725.2	0.06018
725.4	0.05581
725.6	0.05172
725.8	0.04779
726.0	0.04436
726.2	0.04103
726.4	0.03785
726.6	0.035
726.8	0.03246
727.0	0.03004
727.2	0.02783
727.4	0.02592
727.6	0.02416
727.8	0.02248
728.0	0.0209
728.2	0.01954
728.4	0.01824
728.6	0.01712
728.8	0.01607
729.0	0.01503
729.2	0.01413
729.4	0.01331
729.6	0.01255
729.8	0.01183
730.0	0.01119
730.2	0.01064
730.4	0.01008
730.6	0.00954
730.8	0.0091
731.0	0.0087
731.2	0.00825
731.4	0.00793
731.6	0.00756
731.8	0.00719
732.0	0.00696
732.2	0.0067
732.4	0.00645
732.6	0.00622
732.8	0.00599
733.0	0.00579
733.2	0.00565
733.4	0.00548
733.6	0.00531
733.8	0.00518
734.0	0.005
734.2	0.00486
734.4	0.00481
734.6	0.00467
734.8	0.00457
735.0	0.00448
735.2	0.00438
735.4	0.00427
735.6	0.00419
735.8	0.00413
736.0	0.00402
736.2	0.00393
736.4	0.00389
736.6	0.00386
736.8	0.00382
737.0	0.00375
737.2	0.00368
737.4	0.00366
737.6	0.00363
737.8	0.00359
738.0	0.00237
738.2	0.00116
738.4	0.00111
738.6	0.00108
738.8	0.00105
739.0	0.00102
739.2	9.8432e-04
739.4	9.6465e-04
739.6	9.3342e-04
739.8	9.1111e-04
740.0	8.7488e-04
740.2	8.5156e-04
740.4	8.354e-04
740.6	8.1648e-04
740.8	7.8888e-04
741.0	7.6652e-04
741.2	7.5109e-04
741.4	7.307e-04
741.6	7.1922e-04
741.8	6.9815e-04
742.0	6.8716e-04
742.2	6.7019e-04
742.4	6.5421e-04
742.6	6.4982e-04
742.8	6.2607e-04
743.0	6.3217e-04
743.2	6.0902e-04
743.4	5.9377e-04
743.6	5.9125e-04
743.8	5.7197e-04
744.0	5.7134e-04
744.2	5.5681e-04
744.4	5.4116e-04
744.6	5.4385e-04
744.8	5.3713e-04
745.0	5.3062e-04
745.2	5.1192e-04
745.4	5.0942e-04
745.6	5.0438e-04
745.8	4.9333e-04
746.0	4.935e-04
746.2	4.893e-04
746.4	4.8521e-04
746.6	4.8329e-04
746.8	4.7196e-04
747.0	4.6488e-04
747.2	4.6412e-04
747.4	4.5995e-04
747.6	4.506e-04
747.8	4.5801e-04
748.0	4.49e-04
748.2	4.4777e-04
748.4	4.3876e-04
748.6	4.3596e-04
748.8	4.4287e-04
749.0	4.3456e-04
749.2	4.2799e-04
749.4	4.3652e-04
749.6	4.259e-04
749.8	4.2884e-04
750.0	4.2463e-04
750.2	4.2841e-04
750.4	4.2849e-04
750.6	4.317e-04
750.8	4.2569e-04
751.0	4.2639e-04
751.2	4.237e-04
751.4	4.3161e-04
751.6	4.3342e-04
751.8	4.3124e-04
752.0	4.3378e-04
752.2	4.3408e-04
752.4	4.4561e-04
752.6	4.3983e-04
752.8	4.4916e-04
753.0	4.4796e-04
753.2	4.5644e-04
753.4	4.5727e-04
753.6	4.5893e-04
753.8	4.6561e-04
754.0	4.6796e-04
754.2	4.7204e-04
754.4	4.7498e-04
754.6	4.8838e-04
754.8	4.9922e-04
755.0	4.9783e-04
755.2	5.1201e-04
755.4	5.1934e-04
755.6	5.361e-04
755.8	5.4679e-04
756.0	5.4662e-04
756.2	5.7072e-04
756.4	5.7596e-04
756.6	5.9289e-04
756.8	6.0678e-04
757.0	6.1912e-04
757.2	6.4552e-04
757.4	6.6083e-04
757.6	6.7866e-04
757.8	7.0427e-04
758.0	7.2669e-04
758.2	7.4548e-04
758.4	7.8383e-04
758.6	8.1802e-04
758.8	8.5058e-04
759.0	8.9097e-04
759.2	9.3566e-04
759.4	9.6778e-04
759.6	0.00104
759.8	0.00111
760.0	0.00118
760.2	0.00129
760.4	0.00148
760.6	0.00185
760.8	0.00266
761.0	0.00364
761.2	0.0049
761.4	0.00666
761.6	0.0085
761.8	0.01017
762.0	0.01159
762.2	0.01287
762.4	0.01394
762.6	0.01483
762.8	0.01583
763.0	0.01687
763.2	0.01781
763.4	0.01852
763.6	0.01938
763.8	0.02058
764.0	0.02225
764.2	0.02482
764.4	0.02897
764.6	0.03506
764.8	0.04295
765.0	0.0525
765.2	0.06288
765.4	0.07255
765.6	0.08174
765.8	0.08921
766.0	0.09606
766.2	0.10104
766.4	0.10473
766.6	0.10865
766.8	0.10971
767.0	0.10924
767.2	0.10785
767.4	0.10529
767.6	0.1019
767.8	0.09772
768.0	0.09103
768.2	0.08264
768.4	0.07243
768.6	0.06117
768.8	0.04887
769.0	0.0375
769.2	0.028
769.4	0.02069
769.6	0.01523
769.8	0.01147
770.0	0.00884
770.2	0.007
770.4	0.00573
770.6	0.00485
770.8	0.00421
771.0	0.00372
771.2	0.00332
771.4	0.003
771.6	0.00274
771.8	0.00252
772.0	0.00233
772.2	0.00215
772.4	0.00201
772.6	0.00191
772.8	0.00178
773.0	0.00169
773.2	0.0016
773.4	0.00151
773.6	0.00144
773.8	0.00138
774.0	0.00132
774.2	0.00127
774.4	0.00123
774.6	0.00118
774.8	0.00114
775.0	0.00111
775.2	0.00107
775.4	0.00105
775.6	0.00102
775.8	9.864e-04
776.0	9.5831e-04
776.2	9.2914e-04
776.4	9.1869e-04
776.6	9.0513e-04
776.8	8.824e-04
777.0	8.6823e-04
777.2	8.4931e-04
777.4	8.4581e-04
777.6	8.3102e-04
777.8	8.0663e-04
778.0	7.9723e-04
778.2	7.893e-04
778.4	7.937e-04
778.6	7.8151e-04
778.8	7.7728e-04
779.0	7.609e-04
779.2	7.7575e-04
779.4	7.5878e-04
779.6	7.516e-04
779.8	7.6136e-04
780.0	7.573e-04
780.2	7.5907e-04
780.4	7.619e-04
780.6	7.6789e-04
780.8	7.524e-04
781.0	7.6377e-04
781.2	7.6355e-04
781.4	7.7609e-04
781.6	7.7451e-04
781.8	7.9801e-04
782.0	7.9619e-04
782.2	7.8149e-04
782.4	7.9703e-04
782.6	8.1204e-04
782.8	8.1703e-04
783.0	8.1692e-04
783.2	8.2918e-04
783.4	8.5211e-04
783.6	8.6964e-04
783.8	8.7495e-04
784.0	8.9087e-04
784.2	9.1181e-04
784.4	9.298e-04
784.6	9.4082e-04
784.8	9.6486e-04
785.0	9.6675e-04
785.2	0.001
785.4	0.00102
785.6	0.00105
785.8	0.00107
786.0	0.00107
786.2	0.00112
786.4	0.00114
786.6	0.0012
786.8	0.00122
787.0	0.00127
787.2	0.00133
787.4	0.00137
787.6	0.00139
787.8	0.00146
788.0	0.00151
788.2	0.00155
788.4	0.00161
788.6	0.00168
788.8	0.00177
789.0	0.00186
789.2	0.00191
789.4	0.002
789.6	0.00209
789.8	0.00219
790.0	0.00231
790.2	0.00245
790.4	0.0026
790.6	0.00273
790.8	0.00291
791.0	0.00311
791.2	0.00327
791.4	0.00349
791.6	0.0037
791.8	0.00395
792.0	0.00425
792.2	0.00454
792.4	0.00492
792.6	0.00532
792.8	0.00572
793.0	0.00621
793.2	0.00671
793.4	0.00732
793.6	0.00796
793.8	0.0087
794.0	0.00951
794.2	0.01042
794.4	0.01141
794.6	0.01256
794.8	0.01376
795.0	0.01532
795.2	0.01682
795.4	0.01827
795.6	0.02009
795.8	0.0219
796.0	0.02349
796.2	0.02515
796.4	0.02696
796.6	0.02856
796.8	0.03026
797.0	0.03189
797.2	0.03329
797.4	0.03449
797.6	0.03553
797.8	0.03637
798.0	0.03686
798.2	0.03721
798.4	0.03754
798.6	0.03772
798.8	0.03771
799.0	0.03753
799.2	0.03704
799.4	0.03652
799.6	0.0359
799.8	0.03504
800.0	0.03419
800.2	0.03324
800.4	0.03237
800.6	0.03136
800.8	0.03026
801.0	0.0294
801.2	0.02846
801.4	0.0276
801.6	0.02669
801.8	0.02582
802.0	0.02492
802.2	0.02402
802.4	0.02314
802.6	0.02231
802.8	0.02148
803.0	0.02036
803.2	0.01931
803.4	0.01866
803.6	0.01791
803.8	0.01722
804.0	0.01659
804.2	0.01604
804.4	0.01541
804.6	0.01495
804.8	0.01459
805.0	0.01415
805.2	0.01376
805.4	0.01351
805.6	0.01338
805.8	0.01333
806.0	0.01316
806.2	0.01307
806.4	0.01299
806.6	0.013
806.8	0.01301
807.0	0.01309
807.2	0.01313
807.4	0.01324
807.6	0.01338
807.8	0.01358
808.0	0.01377
808.2	0.01399
808.4	0.01426
808.6	0.01447
808.8	0.01477
809.0	0.01503
809.2	0.0154
809.4	0.01577
809.6	0.01628
809.8	0.01682
810.0	0.01729
810.2	0.01777
810.4	0.01844
810.6	0.01909
810.8	0.01982
811.0	0.02065
811.2	0.02153
811.4	0.02256
811.6	0.02359
811.8	0.02478
812.0	0.02612
812.2	0.02748
812.4	0.02884
812.6	0.03035
812.8	0.03167
813.0	0.03333
813.2	0.03531
813.4	0.03761
813.6	0.03981
813.8	0.0423
814.0	0.04462
814.2	0.04693
814.4	0.0494
814.6	0.05188
814.8	0.05445
815.0	0.05696
815.2	0.05943
815.4	0.06181
815.6	0.06417
815.8	0.06661
816.0	0.06896
816.2	0.07112
816.4	0.07298
816.6	0.0747
816.8	0.07596
817.0	0.07715
817.2	0.07825
817.4	0.07897
817.6	0.07935
817.8	0.07953
818.0	0.07976
818.2	0.07998
818.4	0.07971
818.6	0.079
818.8	0.07853
819.0	0.07799
819.2	0.07703
819.4	0.07612
819.6	0.07535
819.8	0.07425
820.0	0.07315
820.2	0.07179
820.4	0.07028
820.6	0.0686
820.8	0.06672
821.0	0.06522
821.2	0.0635
821.4	0.06144
821.6	0.05944
821.8	0.05766
822.0	0.0556
822.2	0.05336
822.4	0.05098
822.6	0.04886
822.8	0.04689
823.0	0.04495
823.2	0.04302
823.4	0.04125
823.6	0.03955
823.8	0.03812
824.0	0.03672
824.2	0.03549
824.4	0.03436
824.6	0.03348
824.8	0.03261
825.0	0.03195
825.2	0.03143
825.4	0.03091
825.6	0.03037
825.8	0.0301
826.0	0.0298
826.2	0.02946
826.4	0.02911
826.6	0.02887
826.8	0.02871
827.0	0.02873
827.2	0.02868
827.4	0.02883
827.6	0.02899
827.8	0.0291
828.0	0.02922
828.2	0.02951
828.4	0.02999
828.6	0.03037
828.8	0.03071
829.0	0.03123
829.2	0.03175
829.4	0.03229
829.6	0.03301
829.8	0.03389
830.0	0.03476
830.2	0.03563
830.4	0.03671
830.6	0.03774
830.8	0.03879
831.0	0.04011
831.2	0.04161
831.4	0.04327
831.6	0.04508
831.8	0.04696
832.0	0.04918
832.2	0.05159
832.4	0.05416
832.6	0.05696
832.8	0.06012
833.0	0.06347
833.2	0.06722
833.4	0.0716
833.6	0.0762
833.8	0.08147
834.0	0.08732
834.2	0.09384
834.4	0.10125
834.6	0.10887
834.8	0.11714
835.0	0.12609
835.2	0.13612
835.4	0.1471
835.6	0.1593
835.8	0.17298
836.0	0.18759
836.2	0.20317
836.4	0.22055
836.6	0.23906
836.8	0.25913
837.0	0.27976
837.2	0.30149
837.4	0.32427
837.6	0.34883
837.8	0.37322
838.0	0.39538
838.2	0.41566
838.4	0.43326
838.6	0.44983
838.8	0.4639
839.0	0.47526
839.2	0.48373
839.4	0.48585
839.6	0.48524
839.8	0.4821
840.0	0.47498
840.2	0.46564
840.4	0.45386
840.6	0.43966
840.8	0.42394
841.0	0.40509
841.2	0.38553
841.4	0.36511
841.6	0.3412
841.8	0.31714
842.0	0.29411
842.2	0.27171
842.4	0.25024
842.6	0.22865
842.8	0.20936
843.0	0.1922
843.2	0.17792
843.4	0.16501
843.6	0.15403
843.8	0.14473
844.0	0.13708
844.2	0.13072
844.4	0.12505
844.6	0.12018
844.8	0.11559
845.0	0.11199
845.2	0.10866
845.4	0.10549
845.6	0.103
845.8	0.10096
846.0	0.0992
846.2	0.09756
846.4	0.09654
846.6	0.09559
846.8	0.09482
847.0	0.0946
847.2	0.09478
847.4	0.095
847.6	0.09545
847.8	0.09608
848.0	0.09705
848.2	0.09844
848.4	0.09997
848.6	0.1022
848.8	0.10492
849.0	0.10806
849.2	0.11177
849.4	0.11649
849.6	0.12191
849.8	0.12743
850.0	0.13357
850.2	0.14151
850.4	0.14993
850.6	0.15792
850.8	0.1663
851.0	0.17548
851.2	0.18505
851.4	0.19456
851.6	0.20426
851.8	0.2147
852.0	0.22499
852.2	0.23542
852.4	0.24473
852.6	0.25416
852.8	0.26435
853.0	0.2746
853.2	0.28399
853.4	0.29297
853.6	0.301
853.8	0.30853
854.0	0.3155
854.2	0.32089
854.4	0.32538
854.6	0.32897
854.8	0.33271
855.0	0.33498
855.2	0.33517
855.4	0.33383
855.6	0.33008
855.8	0.32578
856.0	0.32152
856.2	0.31541
856.4	0.30818
856.6	0.29934
856.8	0.28999
857.0	0.27926
857.2	0.26705
857.4	0.2542
857.6	0.24128
857.8	0.22706
858.0	0.21246
858.2	0.19765
858.4	0.18364
858.6	0.17123
858.8	0.15838
859.0	0.14664
859.2	0.13499
859.4	0.12431
859.6	0.11421
859.8	0.10506
860.0	0.09689
860.2	0.08937
860.4	0.08262
860.6	0.07656
860.8	0.07141
861.0	0.06622
861.2	0.06137
861.4	0.05717
861.6	0.05338
861.8	0.05027
862.0	0.04718
862.2	0.04426
862.4	0.04188
862.6	0.03984
862.8	0.03803
863.0	0.03623
863.2	0.03443
863.4	0.03291
863.6	0.03166
863.8	0.03042
864.0	0.0292
864.2	0.02797
864.4	0.02682
864.6	0.02583
864.8	0.02493
865.0	0.02419
865.2	0.0234
865.4	0.02268
865.6	0.02209
865.8	0.02142
866.0	0.02078
866.2	0.02025
866.4	0.01969
866.6	0.01927
866.8	0.01882
867.0	0.01846
867.2	0.0182
867.4	0.01786
867.6	0.01743
867.8	0.01706
868.0	0.01704
868.2	0.01711
868.4	0.01678
868.6	0.01654
868.8	0.01633
869.0	0.01617
869.2	0.01603
869.4	0.01592
869.6	0.0159
869.8	0.01589
870.0	0.01569
870.2	0.01553
870.4	0.01547
870.6	0.01552
870.8	0.0155
871.0	0.01545
871.2	0.01556
871.4	0.01565
871.6	0.01576
871.8	0.01583
872.0	0.01593
872.2	0.01611
872.4	0.01622
872.6	0.01643
872.8	0.01665
873.0	0.01684
873.2	0.01707
873.4	0.01733
873.6	0.01775
873.8	0.01819
874.0	0.01872
874.2	0.0193
874.4	0.01997
874.6	0.02061
874.8	0.02143
875.0	0.02243
875.2	0.02369
875.4	0.02537
875.6	0.02772
875.8	0.03063
876.0	0.03431
876.2	0.03894
876.4	0.04435
876.6	0.05072
876.8	0.05734
877.0	0.06445
877.2	0.07134
877.4	0.07746
877.6	0.08304
877.8	0.0888
878.0	0.09397
878.2	0.09832
878.4	0.10206
878.6	0.10564
878.8	0.10862
879.0	0.11122
879.2	0.11389
879.4	0.11569
879.6	0.11716
879.8	0.1187
880.0	0.1196
880.2	0.11975
880.4	0.12005
880.6	0.11943
880.8	0.11892
881.0	0.11824
881.2	0.11748
881.4	0.11655
881.6	0.11618
881.8	0.1163
882.0	0.11751
882.2	0.12064
882.4	0.12463
882.6	0.13139
882.8	0.13955
883.0	0.1494
883.2	0.15998
883.4	0.1719
883.6	0.18445
883.8	0.19735
884.0	0.21079
884.2	0.22351
884.4	0.23622
884.6	0.24805
884.8	0.25817
885.0	0.26726
885.2	0.27505
885.4	0.2819
885.6	0.28753
885.8	0.29238
886.0	0.29405
886.2	0.29271
886.4	0.2898
886.6	0.28445
886.8	0.27747
887.0	0.27036
887.2	0.26186
887.4	0.25076
887.6	0.23901
887.8	0.22638
888.0	0.21256
888.2	0.19851
888.4	0.18504
888.6	0.17135
888.8	0.15868
889.0	0.14654
889.2	0.13507
889.4	0.12413
889.6	0.11403
889.8	0.10502
890.0	0.09705
890.2	0.0898
890.4	0.08372
890.6	0.07825
890.8	0.07291
891.0	0.06868
891.2	0.06484
891.4	0.06135
891.6	0.058
891.8	0.05483
892.0	0.05245
892.2	0.05036
892.4	0.04829
892.6	0.04647
892.8	0.04484
893.0	0.04367
893.2	0.04272
893.4	0.04211
893.6	0.04198
893.8	0.04248
894.0	0.04359
894.2	0.04528
894.4	0.04736
894.6	0.04972
894.8	0.05229
895.0	0.05475
895.2	0.0572
895.4	0.05903
895.6	0.06064
895.8	0.06192
896.0	0.06313
896.2	0.06404
896.4	0.06472
896.6	0.06544
896.8	0.0657
897.0	0.06587
897.2	0.06612
897.4	0.06576
897.6	0.06524
897.8	0.06472
898.0	0.06351
898.2	0.06161
898.4	0.05996
898.6	0.05808
898.8	0.05619
899.0	0.05374
899.2	0.05083
899.4	0.04759
899.6	0.04452
899.8	0.04153
900.0	0.03877
900.2	0.03644
900.4	0.0349
900.6	0.03383
900.8	0.03307
901.0	0.03282
901.2	0.03269
901.4	0.03281
901.6	0.03319
901.8	0.03378
902.0	0.03443
902.2	0.03535
902.4	0.03639
902.6	0.03746
902.8	0.0387
903.0	0.04014
903.2	0.04191
903.4	0.04377
903.6	0.04602
903.8	0.04849
904.0	0.05086
904.2	0.05365
904.4	0.05681
904.6	0.05994
904.8	0.06383
905.0	0.06857
905.2	0.07383
905.4	0.07974
905.6	0.08661
905.8	0.0942
906.0	0.10286
906.2	0.11267
906.4	0.12349
906.6	0.13499
906.8	0.14865
907.0	0.16387
907.2	0.1798
907.4	0.19615
907.6	0.21234
907.8	0.22967
908.0	0.2469
908.2	0.2633
908.4	0.27822
908.6	0.29215
908.8	0.3033
909.0	0.31167
909.2	0.31926
909.4	0.32345
909.6	0.32539
909.8	0.32509
910.0	0.32188
910.2	0.31653
910.4	0.30943
910.6	0.29909
910.8	0.28648
911.0	0.2722
911.2	0.25663
911.4	0.23977
911.6	0.22256
911.8	0.20517
912.0	0.18728
912.2	0.16986
912.4	0.15255
912.6	0.13605
912.8	0.12137
913.0	0.10769
913.2	0.09601
913.4	0.08592
913.6	0.07693
913.8	0.06931
914.0	0.06247
914.2	0.05654
914.4	0.05142
914.6	0.04689
914.8	0.04265
915.0	0.03916
915.2	0.03623
915.4	0.03354
915.6	0.03109
915.8	0.02876
916.0	0.0267
916.2	0.02499
916.4	0.02349
916.6	0.02231
916.8	0.02104
917.0	0.01978
917.2	0.01872
917.4	0.01768
917.6	0.01675
917.8	0.01593
918.0	0.01523
918.2	0.01455
918.4	0.01395
918.6	0.01337
918.8	0.01275
919.0	0.01223
919.2	0.01174
919.4	0.01132
919.6	0.01088
919.8	0.01043
920.0	0.01004
920.2	0.00974
920.4	0.00943
920.6	0.00909
920.8	0.00876
921.0	0.00849
921.2	0.00827
921.4	0.00804
921.6	0.00785
921.8	0.0076
922.0	0.00738
922.2	0.00725
922.4	0.00705
922.6	0.00688
922.8	0.00669
923.0	0.00654
923.2	0.0064
923.4	0.00626
923.6	0.00613
923.8	0.00599
924.0	0.00588
924.2	0.00577
924.4	0.00567
924.6	0.00556
924.8	0.00548
925.0	0.0054
925.2	0.00529
925.4	0.00521
925.6	0.00511
925.8	0.00502
926.0	0.00495
926.2	0.0049
926.4	0.00485
926.6	0.00474
926.8	0.00472
927.0	0.00471
927.2	0.00463
927.4	0.00459
927.6	0.00455
927.8	0.00449
928.0	0.00443
928.2	0.00438
928.4	0.00437
928.6	0.00435
928.8	0.00433
929.0	0.0043
929.2	0.00426
929.4	0.00423
929.6	0.00421
929.8	0.0042
930.0	0.00415
930.2	0.00412
930.4	0.00413
930.6	0.00411
930.8	0.00408
931.0	0.00407
931.2	0.00407
931.4	0.00405
931.6	0.00404
931.8	0.00401
932.0	0.00399
932.2	0.00399
932.4	0.00397
932.6	0.00396
932.8	0.00398
933.0	0.00399
933.2	0.00398
933.4	0.00396
933.6	0.00396
933.8	0.00395
934.0	0.00393
934.2	0.00395
934.4	0.00394
934.6	0.00399
934.8	0.00398
935.0	0.00397
935.2	0.00399
935.4	0.004
935.6	0.00403
935.8	0.00402
936.0	0.00404
936.2	0.00407
936.4	0.00407
936.6	0.00407
936.8	0.0041
937.0	0.00409
937.2	0.00413
937.4	0.00415
937.6	0.00419
937.8	0.00423
938.0	0.00423
938.2	0.00425
938.4	0.00428
938.6	0.00428
938.8	0.00433
939.0	0.00434
939.2	0.00436
939.4	0.00439
939.6	0.00441
939.8	0.00445
940.0	0.00446
940.2	0.00447
940.4	0.0045
940.6	0.00452
940.8	0.00453
941.0	0.00456
941.2	0.00461
941.4	0.00464
941.6	0.00465
941.8	0.00471
942.0	0.00476
942.2	0.00481
942.4	0.00484
942.6	0.00485
942.8	0.00489
943.0	0.00492
943.2	0.00495
943.4	0.00497
943.6	0.00499
943.8	0.00503
944.0	0.00507
944.2	0.0051
944.4	0.00513
944.6	0.00516
944.8	0.00518
945.0	0.00521
945.2	0.00524
945.4	0.00529
945.6	0.00528
945.8	0.0053
946.0	0.00537
946.2	0.0054
946.4	0.00544
946.6	0.00548
946.8	0.00549
947.0	0.00551
947.2	0.00551
947.4	0.00554
947.6	0.00555
947.8	0.00554
948.0	0.00559
948.2	0.00555
948.4	0.0056
948.6	0.00562
948.8	0.00564
949.0	0.00563
949.2	0.00562
949.4	0.00564
949.6	0.00563
949.8	0.00559
950.0	0.00562
950.2	0.00553
950.4	0.00554
950.6	0.00556
950.8	0.00554
951.0	0.00553
951.2	0.00551
951.4	0.0055
951.6	0.00544
951.8	0.0054
952.0	0.00537
952.2	0.00536
952.4	0.00533
952.6	0.00533
952.8	0.0053
953.0	0.00529
953.2	0.00527
953.4	0.00523
953.6	0.00522
953.8	0.00519
954.0	0.00515
954.2	0.00511
954.4	0.00513
954.6	0.00511
954.8	0.00509
955.0	0.00505
955.2	0.00506
955.4	0.00504
955.6	0.00499
955.8	0.00498
956.0	0.00492
956.2	0.00491
956.4	0.0049
956.6	0.00489
956.8	0.00484
957.0	0.00482
957.2	0.00482
957.4	0.00481
957.6	0.00481
957.8	0.00478
958.0	0.00476
958.2	0.00475
958.4	0.00471
958.6	0.0047
958.8	0.00468
959.0	0.00462
959.2	0.0046
959.4	0.0046
959.6	0.00457
959.8	0.00455
960.0	0.00455
960.2	0.00454
960.4	0.00456
960.6	0.00454
960.8	0.00457
961.0	0.00457
961.2	0.00454
961.4	0.00451
961.6	0.00448
961.8	0.0045
962.0	0.00446
962.2	0.00443
962.4	0.00444
962.6	0.00446
962.8	0.00443
963.0	0.00444
963.2	0.00442
963.4	0.00443
963.6	0.00439
963.8	0.0044
964.0	0.00439
964.2	0.00441
964.4	0.00439
964.6	0.00442
964.8	0.00442
965.0	0.00441
965.2	0.0044
965.4	0.00441
965.6	0.0044
965.8	0.00439
966.0	0.00442
966.2	0.00439
966.4	0.00442
966.6	0.00442
966.8	0.00443
967.0	0.00444
967.2	0.00442
967.4	0.00441
967.6	0.0044
967.8	0.00444
968.0	0.00441
968.2	0.00447
968.4	0.00445
968.6	0.00446
968.8	0.00449
969.0	0.00447
969.2	0.00447
969.4	0.0045
969.6	0.00457
969.8	0.00457
970.0	0.00458
970.2	0.00458
970.4	0.00465
970.6	0.00465
970.8	0.00468
971.0	0.0047
971.2	0.00472
971.4	0.00477
971.6	0.00477
971.8	0.00484
972.0	0.00494
972.2	0.00507
972.4	0.00513
972.6	0.00519
972.8	0.00524
973.0	0.00531
973.2	0.00535
973.4	0.00541
973.6	0.00542
973.8	0.00554
974.0	0.00561
974.2	0.00565
974.4	0.00579
974.6	0.00578
974.8	0.00584
975.0	0.00592
975.2	0.00597
975.4	0.00608
975.6	0.00619
975.8	0.00623
976.0	0.00638
976.2	0.0065
976.4	0.00658
976.6	0.00667
976.8	0.00677
977.0	0.00685
977.2	0.00698
977.4	0.00709
977.6	0.00724
977.8	0.00731
978.0	0.00752
978.2	0.00761
978.4	0.0078
978.6	0.00797
978.8	0.00817
979.0	0.00836
979.2	0.00845
979.4	0.00864
979.6	0.00887
979.8	0.00914
980.0	0.0093
980.2	0.00955
980.4	0.00978
980.6	0.01003
980.8	0.01028
981.0	0.01057
981.2	0.01096
981.4	0.01124
981.6	0.01147
981.8	0.01181
982.0	0.01219
982.2	0.0126
982.4	0.01312
982.6	0.01369
982.8	0.01425
983.0	0.01473
983.2	0.01524
983.4	0.0158
983.6	0.01641
983.8	0.017
984.0	0.01779
984.2	0.01862
984.4	0.01945
984.6	0.0203
984.8	0.02116
985.0	0.02205
985.2	0.02311
985.4	0.02433
985.6	0.02551
985.8	0.0268
986.0	0.02813
986.2	0.02955
986.4	0.03103
986.6	0.03257
986.8	0.03413
987.0	0.03607
987.2	0.0379
987.4	0.03986
987.6	0.04189
987.8	0.04384
988.0	0.04582
988.2	0.04798
988.4	0.05023
988.6	0.05247
988.8	0.05442
989.0	0.05637
989.2	0.05842
989.4	0.06049
989.6	0.06235
989.8	0.06406
990.0	0.06544
990.2	0.0669
990.4	0.0684
990.6	0.06945
990.8	0.07012
991.0	0.07024
991.2	0.07049
991.4	0.07043
991.6	0.07021
991.8	0.06977
992.0	0.06905
992.2	0.06775
992.4	0.06653
992.6	0.06485
992.8	0.06311
993.0	0.06108
993.2	0.05903
993.4	0.05669
993.6	0.05421
993.8	0.05187
994.0	0.04939
994.2	0.04711
994.4	0.04469
994.6	0.04208
994.8	0.03954
995.0	0.03698
995.2	0.03474
995.4	0.03245
995.6	0.03038
995.8	0.02846
996.0	0.02656
996.2	0.02482
996.4	0.02318
996.6	0.0217
996.8	0.02034
997.0	0.01899
997.2	0.01776
997.4	0.01686
997.6	0.01577
997.8	0.01495
998.0	0.0141
998.2	0.01338
998.4	0.01271
998.6	0.01215
998.8	0.01163
999.0	0.0111
999.2	0.01059
999.4	0.01009
999.6	0.00966
999.8	0.00925
1000.0	0.00881
1000.2	0.00839
1000.4	0.00803
1000.6	0.00768
1000.8	0.00738
1001.0	0.00713
1001.2	0.0069
1001.4	0.00665
1001.6	0.00639
1001.8	0.00619
1002.0	0.00593
1002.2	0.00569
1002.4	0.00553
1002.6	0.00535
1002.8	0.00521
1003.0	0.00504
1003.2	0.00491
1003.4	0.00479
1003.6	0.00466
1003.8	0.00454
1004.0	0.00445
1004.2	0.00433
1004.4	0.00419
1004.6	0.0041
1004.8	0.00396
1005.0	0.00388
1005.2	0.00376
1005.4	0.00369
1005.6	0.00363
1005.8	0.00352
1006.0	0.00347
1006.2	0.00339
1006.4	0.0033
1006.6	0.00325
1006.8	0.0032
1007.0	0.00311
1007.2	0.00306
1007.4	0.00299
1007.6	0.00293
1007.8	0.00288
1008.0	0.00284
1008.2	0.00278
1008.4	0.00272
1008.6	0.00269
1008.8	0.00264
1009.0	0.00259
1009.2	0.00255
1009.4	0.00251
1009.6	0.00249
1009.8	0.00247
1010.0	0.00248
1010.2	0.00242
1010.4	0.00241
1010.6	0.00234
1010.8	0.00232
1011.0	0.00232
1011.2	0.00228
1011.4	0.00223
1011.6	0.00223
1011.8	0.00221
1012.0	0.00218
1012.2	0.00216
1012.4	0.00216
1012.6	0.00213
1012.8	0.00213
1013.0	0.00211
1013.2	0.00211
1013.4	0.0021
1013.6	0.00208
1013.8	0.00207
1014.0	0.00207
1014.2	0.00207
1014.4	0.00203
1014.6	0.00202
1014.8	0.00203
1015.0	0.00201
1015.2	0.002
1015.4	0.002
1015.6	0.00199
1015.8	0.00199
1016.0	0.00197
1016.2	0.00197
1016.4	0.00194
1016.6	0.00196
1016.8	0.00193
1017.0	0.00195
1017.2	0.00191
1017.4	0.00193
1017.6	0.00193
1017.8	0.00193
1018.0	0.00193
1018.2	0.00193
1018.4	0.00191
1018.6	0.00191
1018.8	0.00191
1019.0	0.00189
1019.2	0.0019
1019.4	0.0019
1019.6	0.00191
1019.8	0.0019
1020.0	0.00191
1020.2	0.00188
1020.4	0.00189
1020.6	0.00189
1020.8	0.00189
1021.0	0.0019
1021.2	0.00189
1021.4	0.0019
1021.6	0.00191
1021.8	0.0019
1022.0	0.00193
1022.2	0.00193
1022.4	0.00196
1022.6	0.00196
1022.8	0.00197
1023.0	0.00197
1023.2	0.00198
1023.4	0.00198
1023.6	0.002
1023.8	0.00204
1024.0	0.00203
1024.2	0.00206
1024.4	0.00207
1024.6	0.00212
1024.8	0.00209
1025.0	0.00217
1025.2	0.00225
1025.4	0.00234
1025.6	0.00241
1025.8	0.00244
1026.0	0.00248
1026.2	0.00251
1026.4	0.00255
1026.6	0.00258
1026.8	0.00262
1027.0	0.00266
1027.2	0.00269
1027.4	0.00273
1027.6	0.00276
1027.8	0.0028
1028.0	0.00284
1028.2	0.00288
1028.4	0.00291
1028.6	0.00296
1028.8	0.00302
1029.0	0.00307
1029.2	0.00313
1029.4	0.00318
1029.6	0.00324
1029.8	0.00329
1030.0	0.00335
1030.2	0.0034
1030.4	0.00346
1030.6	0.00351
1030.8	0.00357
1031.0	0.00363
1031.2	0.0037
1031.4	0.00376
1031.6	0.00382
1031.8	0.00388
1032.0	0.00394
1032.2	0.00401
1032.4	0.00409
1032.6	0.00416
1032.8	0.00424
1033.0	0.00432
1033.2	0.0044
1033.4	0.00448
1033.6	0.00457
1033.8	0.00464
1034.0	0.00472
1034.2	0.0048
1034.4	0.00487
1034.6	0.00493
1034.8	0.00499
1035.0	0.00506
1035.2	0.00512
1035.4	0.0052
1035.6	0.00527
1035.8	0.00535
1036.0	0.00542
1036.2	0.00549
1036.4	0.00556
1036.6	0.00562
1036.8	0.00567
1037.0	0.00573
1037.2	0.00578
1037.4	0.00582
1037.6	0.00585
1037.8	0.00588
1038.0	0.00591
1038.2	0.00593
1038.4	0.00594
1038.6	0.00596
1038.8	0.00597
1039.0	0.00598
1039.2	0.00599
1039.4	0.006
1039.6	0.00599
1039.8	0.00597
1040.0	0.00596
1040.2	0.00594
1040.4	0.00589
1040.6	0.00584
1040.8	0.00579
1041.0	0.00574
1041.2	0.0057
1041.4	0.00565
1041.6	0.00561
1041.8	0.00555
1042.0	0.00549
1042.2	0.00544
1042.4	0.00538
1042.6	0.00533
1042.8	0.00527
1043.0	0.00522
1043.2	0.00514
1043.4	0.00505
1043.6	0.00495
1043.8	0.00486
1044.0	0.00478
1044.2	0.00471
1044.4	0.00463
1044.6	0.00453
1044.8	0.00435
1045.0	0.00417
1045.2	0.00414
1045.4	0.00411
1045.6	0.00404
1045.8	0.00397
1046.0	0.00389
1046.2	0.00382
1046.4	0.00376
1046.6	0.00369
1046.8	0.00362
1047.0	0.00354
1047.2	0.00347
1047.4	0.00339
1047.6	0.00332
1047.8	0.00325
1048.0	0.00318
1048.2	0.00312
1048.4	0.00305
1048.6	0.00298
1048.8	0.00292
1049.0	0.00285
1049.2	0.00279
1049.4	0.00273
1049.6	0.00268
1049.8	0.00262
1050.0	0.00257
1050.2	0.00252
1050.4	0.00247
1050.6	0.00242
1050.8	0.00237
1051.0	0.00232
1051.2	0.00228
1051.4	0.00224
1051.6	0.00219
1051.8	0.00215
1052.0	0.00211
1052.2	0.00207
1052.4	0.00203
1052.6	0.00199
1052.8	0.00195
1053.0	0.00191
1053.2	0.00187
1053.4	0.00184
1053.6	0.00181
1053.8	0.00178
1054.0	0.00176
1054.2	0.00173
1054.4	0.0017
1054.6	0.00168
1054.8	0.00165
1055.0	0.00162
1055.2	0.0016
1055.4	0.00157
1055.6	0.00155
1055.8	0.00153
1056.0	0.0015
1056.2	0.00148
1056.4	0.00146
1056.6	0.00144
1056.8	0.00142
1057.0	0.0014
1057.2	0.00138
1057.4	0.00136
1057.6	0.00134
1057.8	0.00133
1058.0	0.00131
1058.2	0.00129
1058.4	0.00127
1058.6	0.00126
1058.8	0.00124
1059.0	0.00122
1059.2	0.00121
1059.4	0.00119
1059.6	0.00118
1059.8	0.00117
1060.0	0.00116
1060.2	0.00115
1060.4	0.00115
1060.6	0.00114
1060.8	0.00113
1061.0	0.00112
1061.2	0.00112
1061.4	0.00111
1061.6	0.0011
1061.8	0.00109
1062.0	0.00109
1062.2	0.00108
1062.4	0.00107
1062.6	0.00106
1062.8	0.00106
1063.0	0.00105
1063.2	0.00104
1063.4	0.00103
1063.6	0.00103
1063.8	0.00103
1064.0	0.00103
1064.2	0.00103
1064.4	0.00103
1064.6	0.00104
1064.8	0.00104
1065.0	9.9378e-04
1065.2	9.9296e-04
1065.4	9.9214e-04
1065.6	9.9132e-04
1065.8	9.9049e-04
1066.0	9.8968e-04
1066.2	9.8886e-04
1066.4	9.8703e-04
1066.6	9.8425e-04
1066.8	9.8147e-04
1067.0	9.7871e-04
1067.2	9.7595e-04
1067.4	9.7319e-04
1067.6	9.7045e-04
1067.8	9.6771e-04
1068.0	9.6479e-04
1068.2	9.6184e-04
1068.4	9.589e-04
1068.6	9.5596e-04
1068.8	9.5303e-04
1069.0	9.5011e-04
1069.2	9.472e-04
1069.4	9.4492e-04
1069.6	9.4788e-04
1069.8	9.5085e-04
1070.0	9.5383e-04
1070.2	9.5682e-04
1070.4	9.5982e-04
1070.6	9.6282e-04
1070.8	9.6584e-04
1071.0	9.6734e-04
1071.2	9.6662e-04
1071.4	9.6589e-04
1071.6	9.6517e-04
1071.8	9.6444e-04
1072.0	9.6372e-04
1072.2	9.63e-04
1072.4	9.6228e-04
1072.6	9.6639e-04
1072.8	9.7257e-04
1073.0	9.7879e-04
1073.2	9.8504e-04
1073.4	9.9134e-04
1073.6	9.9767e-04
1073.8	0.001
1074.0	0.00101
1074.2	0.00101
1074.4	0.00102
1074.6	0.00102
1074.8	0.00102
1075.0	0.00103
1075.2	0.00103
1075.4	0.00104
1075.6	0.00104
1075.8	0.00105
1076.0	0.00105
1076.2	0.00106
1076.4	0.00106
1076.6	0.00107
1076.8	0.00108
1077.0	0.00108
1077.2	0.00109
1077.4	0.0011
1077.6	0.00111
1077.8	0.00112
1078.0	0.00113
1078.2	0.00113
1078.4	0.00114
1078.6	0.00115
1078.8	0.00116
1079.0	0.00117
1079.2	0.00118
1079.4	0.00119
1079.6	0.0012
1079.8	0.00121
1080.0	0.00122
1080.2	0.00124
1080.4	0.00125
1080.6	0.00127
1080.8	0.00128
1081.0	0.0013
1081.2	0.00131
1081.4	0.00133
1081.6	0.00134
1081.8	0.00136
1082.0	0.00137
1082.2	0.00138
1082.4	0.0014
1082.6	0.00141
1082.8	0.00143
1083.0	0.00144
1083.2	0.00146
1083.4	0.00148
1083.6	0.0015
1083.8	0.00152
1084.0	0.00154
1084.2	0.00156
1084.4	0.00158
1084.6	0.00161
1084.8	0.00163
1085.0	0.00165
1085.2	0.00166
1085.4	0.00168
1085.6	0.0017
1085.8	0.00172
1086.0	0.00173
1086.2	0.00175
1086.4	0.00178
1086.6	0.0018
1086.8	0.00183
1087.0	0.00186
1087.2	0.00189
1087.4	0.00192
1087.6	0.00195
1087.8	0.00197
1088.0	0.00201
1088.2	0.00205
1088.4	0.00209
1088.6	0.00214
1088.8	0.00218
1089.0	0.00222
1089.2	0.00227
1089.4	0.00231
1089.6	0.00233
1089.8	0.00235
1090.0	0.00238
1090.2	0.00242
1090.4	0.00246
1090.6	0.00251
1090.8	0.00255
1091.0	0.0026
1091.2	0.00264
1091.4	0.00269
1091.6	0.00274
1091.8	0.0028
1092.0	0.00285
1092.2	0.0029
1092.4	0.00296
1092.6	0.00301
1092.8	0.00307
1093.0	0.00314
1093.2	0.00321
1093.4	0.00328
1093.6	0.00336
1093.8	0.00344
1094.0	0.00352
1094.2	0.0036
1094.4	0.00368
1094.6	0.00377
1094.8	0.00385
1095.0	0.00394
1095.2	0.00403
1095.4	0.00412
1095.6	0.00422
1095.8	0.00432
1096.0	0.00442
1096.2	0.00452
1096.4	0.00462
1096.6	0.00473
1096.8	0.00484
1097.0	0.00495
1097.2	0.00507
1097.4	0.00518
1097.6	0.00531
1097.8	0.00544
1098.0	0.00557
1098.2	0.0057
1098.4	0.00584
1098.6	0.00599
1098.8	0.00613
1099.0	0.00628
1099.2	0.00645
1099.4	0.00662
1099.6	0.0068
1099.8	0.00698
1100.0	0.00717
1100.2	0.00736
1100.4	0.00756
1100.6	0.00777
1100.8	0.00799
1101.0	0.00821
1101.2	0.00844
1101.4	0.00868
1101.6	0.00893
1101.8	0.00918
1102.0	0.00944
1102.2	0.0097
1102.4	0.00995
1102.6	0.01022
1102.8	0.01049
1103.0	0.01077
1103.2	0.01106
1103.4	0.01135
1103.6	0.01166
1103.8	0.01197
1104.0	0.01231
1104.2	0.01265
1104.4	0.013
1104.6	0.01336
1104.8	0.01373
1105.0	0.01411
1105.2	0.0145
1105.4	0.01491
1105.6	0.01534
1105.8	0.01578
1106.0	0.01624
1106.2	0.0167
1106.4	0.01718
1106.6	0.01768
1106.8	0.01817
1107.0	0.01865
1107.2	0.01915
1107.4	0.01966
1107.6	0.02018
1107.8	0.02072
1108.0	0.02127
1108.2	0.02183
1108.4	0.02239
1108.6	0.02295
1108.8	0.02353
1109.0	0.02412
1109.2	0.02472
1109.4	0.02534
1109.6	0.02598
1109.8	0.02663
1110.0	0.02722
1110.2	0.02783
1110.4	0.02845
1110.6	0.02909
1110.8	0.02974
1111.0	0.0304
1111.2	0.03108
1111.4	0.03177
1111.6	0.03246
1111.8	0.03317
1112.0	0.03389
1112.2	0.03462
1112.4	0.03538
1112.6	0.03615
1112.8	0.03693
1113.0	0.03764
1113.2	0.03831
1113.4	0.039
1113.6	0.03969
1113.8	0.0404
1114.0	0.04112
1114.2	0.04186
1114.4	0.0426
1114.6	0.04322
1114.8	0.04384
1115.0	0.04447
1115.2	0.04512
1115.4	0.04577
1115.6	0.04643
1115.8	0.0471
1116.0	0.04774
1116.2	0.04832
1116.4	0.0489
1116.6	0.04949
1116.8	0.05009
1117.0	0.0507
1117.2	0.05132
1117.4	0.05194
1117.6	0.05245
1117.8	0.05292
1118.0	0.05339
1118.2	0.05387
1118.4	0.05435
1118.6	0.05483
1118.8	0.05532
1119.0	0.05581
1119.2	0.05613
1119.4	0.05646
1119.6	0.05678
1119.8	0.0571
1120.0	0.05743
1120.2	0.05776
1120.4	0.05809
1120.6	0.05814
1120.8	0.05771
1121.0	0.05728
1121.2	0.05712
1121.4	0.0574
1121.6	0.0577
1121.8	0.05803
1122.0	0.05835
1122.2	0.05861
1122.4	0.05904
1122.6	0.05925
1122.8	0.05947
1123.0	0.06024
1123.2	0.06064
1123.4	0.06052
1123.6	0.06044
1123.8	0.06094
1124.0	0.06165
1124.2	0.06151
1124.4	0.06261
1124.6	0.0618
1124.8	0.06168
1125.0	0.062
