380.0	0.05336
380.2	0.05586
380.4	0.05822
380.6	0.06056
380.8	0.0631
381.0	0.06614
381.2	0.06844
381.4	0.07087
381.6	0.07386
381.8	0.07582
382.0	0.07807
382.2	0.07997
382.4	0.08173
382.6	0.0832
382.8	0.08431
383.0	0.08449
383.2	0.08463
383.4	0.08409
383.6	0.08366
383.8	0.08278
384.0	0.08184
384.2	0.08019
384.4	0.07851
384.6	0.07732
384.8	0.07581
385.0	0.07437
385.2	0.07273
385.4	0.07129
385.6	0.07003
385.8	0.06941
386.0	0.06832
386.2	0.06763
386.4	0.06723
386.6	0.0667
386.8	0.06685
387.0	0.06656
387.2	0.06681
387.4	0.06716
387.6	0.06733
387.8	0.0685
388.0	0.06899
388.2	0.07021
388.4	0.07117
388.6	0.07322
388.8	0.07436
389.0	0.07538
389.2	0.07663
389.4	0.07882
389.6	0.08036
389.8	0.08225
390.0	0.08368
390.2	0.08463
390.4	0.08584
390.6	0.0872
390.8	0.08816
391.0	0.08862
391.2	0.08937
391.4	0.08912
391.6	0.08915
391.8	0.08884
392.0	0.08834
392.2	0.08759
392.4	0.08609
392.6	0.08537
392.8	0.08437
393.0	0.08337
393.2	0.08139
393.4	0.08037
393.6	0.07874
393.8	0.07781
394.0	0.07647
394.2	0.07547
394.4	0.07444
394.6	0.07361
394.8	0.07277
395.0	0.0727
395.2	0.07175
395.4	0.07168
395.6	0.07126
395.8	0.07111
396.0	0.07164
396.2	0.0715
396.4	0.07174
396.6	0.07258
396.8	0.07342
397.0	0.07431
397.2	0.07522
397.4	0.07638
397.6	0.07733
397.8	0.07819
398.0	0.0795
398.2	0.08089
398.4	0.08221
398.6	0.08291
398.8	0.08416
399.0	0.08526
399.2	0.08621
399.4	0.08692
399.6	0.08728
399.8	0.0875
400.0	0.08735
400.2	0.08717
400.4	0.08702
400.6	0.08612
400.8	0.08534
401.0	0.08434
401.2	0.0829
401.4	0.08179
401.6	0.08049
401.8	0.07886
402.0	0.07684
402.2	0.07555
402.4	0.07387
402.6	0.07272
402.8	0.07106
403.0	0.06955
403.2	0.06819
403.4	0.06691
403.6	0.06574
403.8	0.06467
404.0	0.06385
404.2	0.06342
404.4	0.06256
404.6	0.06244
404.8	0.06154
405.0	0.06148
405.2	0.06165
405.4	0.06162
405.6	0.06191
405.8	0.06197
406.0	0.06253
406.2	0.06319
406.4	0.06429
406.6	0.06496
406.8	0.06615
407.0	0.06689
407.2	0.06841
407.4	0.0699
407.6	0.07144
407.8	0.07297
408.0	0.07461
408.2	0.07646
408.4	0.07794
408.6	0.07949
408.8	0.0814
409.0	0.083
409.2	0.08459
409.4	0.08577
409.6	0.08699
409.8	0.08806
410.0	0.0891
410.2	0.08972
410.4	0.08995
410.6	0.09024
410.8	0.08994
411.0	0.08978
411.2	0.08957
411.4	0.08893
411.6	0.08807
411.8	0.08708
412.0	0.08591
412.2	0.08493
412.4	0.08342
412.6	0.08191
412.8	0.08068
413.0	0.07937
413.2	0.07812
413.4	0.07719
413.6	0.07604
413.8	0.07483
414.0	0.07397
414.2	0.07306
414.4	0.07245
414.6	0.0717
414.8	0.07138
415.0	0.07106
415.2	0.0708
415.4	0.07094
415.6	0.07118
415.8	0.07126
416.0	0.0719
416.2	0.07268
416.4	0.07326
416.6	0.07381
416.8	0.07464
417.0	0.07566
417.2	0.0771
417.4	0.07803
417.6	0.07898
417.8	0.08057
418.0	0.08173
418.2	0.08306
418.4	0.08415
418.6	0.08539
418.8	0.08643
419.0	0.0874
419.2	0.08824
419.4	0.08926
419.6	0.08981
419.8	0.08993
420.0	0.09006
420.2	0.08997
420.4	0.08954
420.6	0.08921
420.8	0.08822
421.0	0.0875
421.2	0.0863
421.4	0.08493
421.6	0.08341
421.8	0.08226
422.0	0.08033
422.2	0.07857
422.4	0.07695
422.6	0.07518
422.8	0.07343
423.0	0.07191
423.2	0.07005
423.4	0.06839
423.6	0.06653
423.8	0.0654
424.0	0.06415
424.2	0.06286
424.4	0.06177
424.6	0.06094
424.8	0.05988
425.0	0.05942
425.2	0.05864
425.4	0.05836
425.6	0.05823
425.8	0.05776
426.0	0.05792
426.2	0.05814
426.4	0.05846
426.6	0.05888
426.8	0.05952
427.0	0.0601
427.2	0.06092
427.4	0.06188
427.6	0.06296
427.8	0.06453
428.0	0.06557
428.2	0.06706
428.4	0.06855
428.6	0.07026
428.8	0.07191
429.0	0.07348
429.2	0.07546
429.4	0.07703
429.6	0.07872
429.8	0.08029
430.0	0.08219
430.2	0.08363
430.4	0.08518
430.6	0.08586
430.8	0.08683
431.0	0.08732
431.2	0.0875
431.4	0.08758
431.6	0.08749
431.8	0.08695
432.0	0.08647
432.2	0.08507
432.4	0.08364
432.6	0.08173
432.8	0.0794
433.0	0.07723
433.2	0.07508
433.4	0.07242
433.6	0.06967
433.8	0.06716
434.0	0.06433
434.2	0.06161
434.4	0.05892
434.6	0.05619
434.8	0.05392
435.0	0.05148
435.2	0.04916
435.4	0.04716
435.6	0.04541
435.8	0.04362
436.0	0.04174
436.2	0.04044
436.4	0.03891
436.6	0.03786
436.8	0.03663
437.0	0.03555
437.2	0.03458
437.4	0.03387
437.6	0.03328
437.8	0.03256
438.0	0.03191
438.2	0.03126
438.4	0.03106
438.6	0.03063
438.8	0.03053
439.0	0.03043
439.2	0.0304
439.4	0.0302
439.6	0.03015
439.8	0.03041
440.0	0.03052
440.2	0.0307
440.4	0.031
440.6	0.03115
440.8	0.0317
441.0	0.03205
441.2	0.0325
441.4	0.033
441.6	0.03348
441.8	0.03409
442.0	0.03457
442.2	0.03533
442.4	0.03586
442.6	0.03659
442.8	0.03711
443.0	0.03773
443.2	0.03834
443.4	0.0389
443.6	0.03941
443.8	0.03981
444.0	0.0402
444.2	0.04054
444.4	0.04084
444.6	0.04102
444.8	0.04117
445.0	0.04115
445.2	0.0412
445.4	0.04105
445.6	0.04086
445.8	0.04046
446.0	0.04001
446.2	0.03945
446.4	0.03888
446.6	0.03825
446.8	0.03751
447.0	0.03684
447.2	0.03602
447.4	0.03534
447.6	0.03456
447.8	0.03353
448.0	0.03282
448.2	0.03193
448.4	0.0313
448.6	0.03036
448.8	0.02962
449.0	0.02875
449.2	0.02813
449.4	0.02762
449.6	0.02697
449.8	0.02637
450.0	0.02582
450.2	0.02527
450.4	0.02494
450.6	0.02441
450.8	0.02411
451.0	0.02369
451.2	0.02348
451.4	0.02339
451.6	0.02297
451.8	0.02288
452.0	0.02265
452.2	0.02254
452.4	0.02253
452.6	0.02265
452.8	0.02251
453.0	0.02258
453.2	0.02279
453.4	0.02281
453.6	0.02291
453.8	0.02303
454.0	0.0234
454.2	0.02352
454.4	0.02394
454.6	0.02433
454.8	0.02467
455.0	0.02511
455.2	0.02553
455.4	0.02602
455.6	0.02668
455.8	0.02702
456.0	0.02766
456.2	0.02818
456.4	0.0289
456.6	0.02949
456.8	0.03035
457.0	0.03101
457.2	0.03156
457.4	0.03212
457.6	0.03281
457.8	0.03361
458.0	0.03422
458.2	0.03497
458.4	0.03552
458.6	0.03609
458.8	0.03674
459.0	0.0371
459.2	0.03763
459.4	0.03774
459.6	0.03813
459.8	0.0384
460.0	0.03865
460.2	0.03856
460.4	0.03834
460.6	0.03814
460.8	0.03802
461.0	0.03772
461.2	0.03728
461.4	0.03683
461.6	0.03654
461.8	0.03604
462.0	0.03547
462.2	0.03482
462.4	0.03425
462.6	0.03365
462.8	0.0329
463.0	0.03227
463.2	0.03163
463.4	0.03096
463.6	0.03046
463.8	0.02993
464.0	0.0292
464.2	0.0288
464.4	0.02815
464.6	0.02758
464.8	0.02713
465.0	0.02667
465.2	0.02618
465.4	0.02594
465.6	0.02553
465.8	0.02515
466.0	0.02476
466.2	0.02454
466.4	0.0244
466.6	0.0242
466.8	0.02419
467.0	0.02395
467.2	0.02378
467.4	0.02385
467.6	0.0239
467.8	0.02369
468.0	0.02391
468.2	0.02424
468.4	0.02433
468.6	0.0245
468.8	0.02461
469.0	0.02496
469.2	0.02523
469.4	0.02554
469.6	0.02588
469.8	0.02627
470.0	0.02678
470.2	0.02723
470.4	0.02784
470.6	0.02834
470.8	0.02901
471.0	0.02977
471.2	0.03046
471.4	0.03151
471.6	0.03234
471.8	0.03337
472.0	0.03441
472.2	0.03553
472.4	0.03677
472.6	0.03792
472.8	0.03927
473.0	0.04072
473.2	0.04228
473.4	0.04388
473.6	0.04556
473.8	0.04721
474.0	0.04905
474.2	0.05104
474.4	0.05311
474.6	0.05511
474.8	0.05718
475.0	0.0594
475.2	0.06159
475.4	0.06394
475.6	0.06632
475.8	0.06854
476.0	0.07086
476.2	0.07299
476.4	0.07528
476.6	0.07749
476.8	0.07961
477.0	0.08187
477.2	0.08383
477.4	0.0857
477.6	0.08744
477.8	0.08887
478.0	0.08985
478.2	0.09075
478.4	0.09163
478.6	0.09247
478.8	0.0925
479.0	0.09267
479.2	0.09259
479.4	0.09226
479.6	0.092
479.8	0.09128
480.0	0.09039
480.2	0.08919
480.4	0.08803
480.6	0.08683
480.8	0.08571
481.0	0.08404
481.2	0.08279
481.4	0.08105
481.6	0.07935
481.8	0.07805
482.0	0.07626
482.2	0.07467
482.4	0.07312
482.6	0.07155
482.8	0.07002
483.0	0.06864
483.2	0.06712
483.4	0.06607
483.6	0.06474
483.8	0.06352
484.0	0.06211
484.2	0.06116
484.4	0.05995
484.6	0.059
484.8	0.05786
485.0	0.05693
485.2	0.05599
485.4	0.05514
485.6	0.0544
485.8	0.05356
486.0	0.05283
486.2	0.05208
486.4	0.0515
486.6	0.05093
486.8	0.05045
487.0	0.04989
487.2	0.04942
487.4	0.04908
487.6	0.04884
487.8	0.04864
488.0	0.04839
488.2	0.04824
488.4	0.04802
488.6	0.04801
488.8	0.04793
489.0	0.04779
489.2	0.04775
489.4	0.04814
489.6	0.04852
489.8	0.04878
490.0	0.04916
490.2	0.04962
490.4	0.05032
490.6	0.05097
490.8	0.05192
491.0	0.05274
491.2	0.05382
491.4	0.05489
491.6	0.05599
491.8	0.05753
492.0	0.05894
492.2	0.06043
492.4	0.06196
492.6	0.0636
492.8	0.06485
493.0	0.06629
493.2	0.06773
493.4	0.06913
493.6	0.07032
493.8	0.0714
494.0	0.0725
494.2	0.07327
494.4	0.07419
494.6	0.07491
494.8	0.07559
495.0	0.07607
495.2	0.07647
495.4	0.07709
495.6	0.07733
495.8	0.07767
496.0	0.07847
496.2	0.07886
496.4	0.07971
496.6	0.0803
496.8	0.0812
497.0	0.08198
497.2	0.08289
497.4	0.0836
497.6	0.08449
497.8	0.08513
498.0	0.08553
498.2	0.08621
498.4	0.08647
498.6	0.08646
498.8	0.08653
499.0	0.08593
499.2	0.08529
499.4	0.08448
499.6	0.08313
499.8	0.08145
500.0	0.07966
500.2	0.07744
500.4	0.07521
500.6	0.07264
500.8	0.06993
501.0	0.067
501.2	0.06405
501.4	0.06107
501.6	0.05795
501.8	0.05525
502.0	0.05242
502.2	0.04944
502.4	0.04678
502.6	0.04409
502.8	0.04174
503.0	0.03944
503.2	0.03713
503.4	0.03501
503.6	0.03298
503.8	0.03116
504.0	0.02935
504.2	0.0277
504.4	0.02612
504.6	0.02472
504.8	0.02336
505.0	0.02228
505.2	0.02111
505.4	0.02004
505.6	0.019
505.8	0.01807
506.0	0.01715
506.2	0.01648
506.4	0.01572
506.6	0.01502
506.8	0.01445
507.0	0.01378
507.2	0.01323
507.4	0.01273
507.6	0.01224
507.8	0.01181
508.0	0.01142
508.2	0.01103
508.4	0.01065
508.6	0.01031
508.8	0.00997
509.0	0.00976
509.2	0.00947
509.4	0.00923
509.6	0.00899
509.8	0.00874
510.0	0.00853
510.2	0.0084
510.4	0.00814
510.6	0.00803
510.8	0.00787
511.0	0.00775
511.2	0.00764
511.4	0.00753
511.6	0.00742
511.8	0.00728
512.0	0.00719
512.2	0.00714
512.4	0.00707
512.6	0.007
512.8	0.00693
513.0	0.00687
513.2	0.00679
513.4	0.00678
513.6	0.00672
513.8	0.00671
514.0	0.00665
514.2	0.00664
514.4	0.00661
514.6	0.00661
514.8	0.00656
515.0	0.00652
515.2	0.00653
515.4	0.00658
515.6	0.00662
515.8	0.00658
516.0	0.0066
516.2	0.00662
516.4	0.00663
516.6	0.00667
516.8	0.00675
517.0	0.00679
517.2	0.00685
517.4	0.00696
517.6	0.00707
517.8	0.00714
518.0	0.00725
518.2	0.00734
518.4	0.0075
518.6	0.00758
518.8	0.00779
519.0	0.00792
519.2	0.00806
519.4	0.00824
519.6	0.00847
519.8	0.00867
520.0	0.00888
520.2	0.00919
520.4	0.00943
520.6	0.00978
520.8	0.01008
521.0	0.01034
521.2	0.01078
521.4	0.01112
521.6	0.01156
521.8	0.01204
522.0	0.01254
522.2	0.01303
522.4	0.01359
522.6	0.01421
522.8	0.01485
523.0	0.01567
523.2	0.01644
523.4	0.01727
523.6	0.0183
523.8	0.01934
524.0	0.02035
524.2	0.02151
524.4	0.02294
524.6	0.02436
524.8	0.026
525.0	0.02765
525.2	0.02952
525.4	0.03151
525.6	0.0337
525.8	0.03598
526.0	0.03853
526.2	0.04108
526.4	0.04391
526.6	0.04696
526.8	0.0501
527.0	0.05299
527.2	0.05615
527.4	0.05955
527.6	0.06268
527.8	0.06562
528.0	0.06848
528.2	0.07118
528.4	0.0735
528.6	0.07554
528.8	0.07714
529.0	0.07858
529.2	0.07935
529.4	0.07973
529.6	0.07946
529.8	0.07887
530.0	0.07808
530.2	0.07707
530.4	0.07529
530.6	0.07328
530.8	0.07098
531.0	0.0684
531.2	0.06586
531.4	0.0631
531.6	0.06032
531.8	0.05755
532.0	0.05485
532.2	0.0521
532.4	0.04957
532.6	0.04711
532.8	0.04491
533.0	0.0428
533.2	0.04082
533.4	0.03912
533.6	0.03762
533.8	0.03627
534.0	0.03499
534.2	0.03397
534.4	0.03316
534.6	0.0328
534.8	0.03254
535.0	0.03251
535.2	0.03285
535.4	0.03353
535.6	0.03444
535.8	0.03561
536.0	0.03701
536.2	0.03841
536.4	0.03999
536.6	0.04137
536.8	0.04262
537.0	0.04361
537.2	0.04419
537.4	0.04457
537.6	0.04465
537.8	0.04439
538.0	0.04364
538.2	0.04264
538.4	0.04114
538.6	0.03945
538.8	0.03747
539.0	0.03551
539.2	0.03346
539.4	0.03128
539.6	0.02926
539.8	0.02753
540.0	0.0258
540.2	0.02434
540.4	0.02312
540.6	0.02209
540.8	0.02113
541.0	0.02036
541.2	0.01977
541.4	0.01923
541.6	0.01876
541.8	0.01843
542.0	0.01805
542.2	0.01775
542.4	0.01761
542.6	0.01735
542.8	0.01712
543.0	0.01877
543.2	0.02036
543.4	0.02026
543.6	0.02023
543.8	0.02027
544.0	0.02026
544.2	0.02028
544.4	0.02025
544.6	0.02031
544.8	0.02039
545.0	0.02057
545.2	0.02063
545.4	0.02078
545.6	0.02096
545.8	0.02114
546.0	0.02132
546.2	0.02156
546.4	0.02173
546.6	0.02206
546.8	0.02228
547.0	0.0226
547.2	0.02295
547.4	0.02331
547.6	0.02365
547.8	0.02394
548.0	0.02434
548.2	0.02477
548.4	0.02525
548.6	0.02565
548.8	0.02619
549.0	0.02669
549.2	0.02718
549.4	0.02781
549.6	0.02838
549.8	0.02914
550.0	0.02976
550.2	0.03053
550.4	0.03145
550.6	0.03221
550.8	0.03305
551.0	0.03395
551.2	0.03489
551.4	0.03587
551.6	0.037
551.8	0.03811
552.0	0.03934
552.2	0.04045
552.4	0.04174
552.6	0.04327
552.8	0.04465
553.0	0.0461
553.2	0.04793
553.4	0.04976
553.6	0.05151
553.8	0.0535
554.0	0.05553
554.2	0.05782
554.4	0.06013
554.6	0.06263
554.8	0.06503
555.0	0.06759
555.2	0.07029
555.4	0.07338
555.6	0.07672
555.8	0.08007
556.0	0.08347
556.2	0.08725
556.4	0.0909
556.6	0.09491
556.8	0.09936
557.0	0.10386
557.2	0.10895
557.4	0.11389
557.6	0.11946
557.8	0.12552
558.0	0.13112
558.2	0.13699
558.4	0.14362
558.6	0.15065
558.8	0.15803
559.0	0.16562
559.2	0.17332
559.4	0.18064
559.6	0.18912
559.8	0.19839
560.0	0.20746
560.2	0.21666
560.4	0.22572
560.6	0.23511
560.8	0.24474
561.0	0.2549
561.2	0.266
561.4	0.27584
561.6	0.28596
561.8	0.29668
562.0	0.30765
562.2	0.31798
562.4	0.32844
562.6	0.33768
562.8	0.34813
563.0	0.35942
563.2	0.36879
563.4	0.37822
563.6	0.38746
563.8	0.39699
564.0	0.40625
564.2	0.41409
564.4	0.4229
564.6	0.4306
564.8	0.43772
565.0	0.44538
565.2	0.45174
565.4	0.45909
565.6	0.46575
565.8	0.47253
566.0	0.47919
566.2	0.48468
566.4	0.48964
566.6	0.49394
566.8	0.50074
567.0	0.50494
567.2	0.51036
567.4	0.51851
567.6	0.52464
567.8	0.53113
568.0	0.53641
568.2	0.5437
568.4	0.55148
568.6	0.5581
568.8	0.5661
569.0	0.57352
569.2	0.58364
569.4	0.59371
569.6	0.60226
569.8	0.61149
570.0	0.62334
570.2	0.63543
570.4	0.64796
570.6	0.66143
570.8	0.67447
571.0	0.6878
571.2	0.70165
571.4	0.7162
571.6	0.73088
571.8	0.74541
572.0	0.7589
572.2	0.77229
572.4	0.78688
572.6	0.80171
572.8	0.8153
573.0	0.82678
573.2	0.84061
573.4	0.85181
573.6	0.8643
573.8	0.87657
574.0	0.88588
574.2	0.89522
574.4	0.90534
574.6	0.91354
574.8	0.92179
575.0	0.92926
575.2	0.934
575.4	0.94015
575.6	0.94468
575.8	0.94795
576.0	0.9497
576.2	0.95344
576.4	0.95665
576.6	0.95907
576.8	0.96157
577.0	0.96415
577.2	0.96631
577.4	0.96527
577.6	0.9669
577.8	0.96757
578.0	0.96751
578.2	0.96775
578.4	0.96611
578.6	0.96759
578.8	0.96822
579.0	0.96764
579.2	0.96701
579.4	0.96884
579.6	0.9662
579.8	0.96602
580.0	0.96732
580.2	0.96897
580.4	0.97004
580.6	0.96986
580.8	0.96846
581.0	0.96605
581.2	0.96649
581.4	0.96954
581.6	0.96866
581.8	0.96956
582.0	0.97088
582.2	0.97145
582.4	0.96836
582.6	0.96839
582.8	0.96933
583.0	0.96775
583.2	0.96787
583.4	0.96864
583.6	0.9692
583.8	0.96884
584.0	0.96727
584.2	0.96716
584.4	0.96514
584.6	0.96584
584.8	0.9663
585.0	0.96705
585.2	0.96544
585.4	0.96433
585.6	0.96482
585.8	0.96593
586.0	0.96676
586.2	0.96473
586.4	0.96475
586.6	0.96268
586.8	0.96434
587.0	0.96264
587.2	0.96317
587.4	0.96394
587.6	0.96664
587.8	0.96653
588.0	0.96432
588.2	0.96263
588.4	0.96053
588.6	0.96099
588.8	0.9621
589.0	0.96277
589.2	0.96287
589.4	0.96449
589.6	0.96414
589.8	0.96634
590.0	0.96544
590.2	0.9636
590.4	0.96319
590.6	0.96322
590.8	0.9634
591.0	0.9631
591.2	0.96453
591.4	0.9646
591.6	0.96209
591.8	0.96075
592.0	0.96204
592.2	0.96442
592.4	0.96527
592.6	0.96469
592.8	0.96518
593.0	0.96534
593.2	0.96696
593.4	0.96816
593.6	0.9673
593.8	0.96847
594.0	0.96745
594.2	0.96516
594.4	0.9669
594.6	0.96666
594.8	0.96654
595.0	0.96737
595.2	0.9684
595.4	0.96723
595.6	0.96757
595.8	0.96893
596.0	0.97126
596.2	0.97075
596.4	0.97185
596.6	0.97255
596.8	0.97265
597.0	0.97266
597.2	0.97173
597.4	0.96916
597.6	0.96897
597.8	0.97001
598.0	0.96962
598.2	0.97014
598.4	0.97213
598.6	0.97125
598.8	0.96945
599.0	0.97001
599.2	0.97123
599.4	0.97231
599.6	0.97216
599.8	0.97136
600.0	0.96881
600.2	0.97037
600.4	0.97087
600.6	0.97124
600.8	0.96951
601.0	0.97047
601.2	0.9701
601.4	0.97112
601.6	0.9715
601.8	0.97208
602.0	0.97036
602.2	0.97015
602.4	0.97072
602.6	0.97046
602.8	0.96981
603.0	0.96956
603.2	0.96939
603.4	0.96957
603.6	0.9686
603.8	0.9665
604.0	0.96751
604.2	0.96653
604.4	0.96468
604.6	0.96555
604.8	0.96718
605.0	0.96824
605.2	0.96763
605.4	0.96701
605.6	0.96716
605.8	0.96878
606.0	0.96629
606.2	0.96285
606.4	0.96287
606.6	0.96304
606.8	0.96214
607.0	0.96334
607.2	0.96327
607.4	0.9614
607.6	0.96133
607.8	0.96295
608.0	0.96475
608.2	0.96661
608.4	0.9653
608.6	0.96521
608.8	0.96538
609.0	0.9665
609.2	0.96637
609.4	0.96479
609.6	0.96698
609.8	0.96547
610.0	0.96392
610.2	0.96338
610.4	0.96219
610.6	0.96366
610.8	0.96488
611.0	0.96671
611.2	0.9662
611.4	0.9651
611.6	0.96477
611.8	0.96514
612.0	0.96435
612.2	0.96476
612.4	0.96412
612.6	0.96558
612.8	0.96734
613.0	0.96626
613.2	0.96552
613.4	0.96545
613.6	0.96665
613.8	0.96661
614.0	0.96495
614.2	0.96569
614.4	0.96617
614.6	0.96604
614.8	0.96634
615.0	0.96589
615.2	0.96648
615.4	0.96921
615.6	0.96932
615.8	0.96902
616.0	0.96789
616.2	0.96877
616.4	0.96737
616.6	0.96904
616.8	0.9699
617.0	0.96861
617.2	0.96777
617.4	0.96667
617.6	0.96831
617.8	0.96808
618.0	0.96828
618.2	0.96933
618.4	0.96991
618.6	0.96922
618.8	0.9705
619.0	0.96999
619.2	0.97124
619.4	0.97202
619.6	0.97133
619.8	0.97059
620.0	0.97032
620.2	0.97104
620.4	0.97049
620.6	0.97129
620.8	0.97076
621.0	0.97101
621.2	0.9728
621.4	0.9722
621.6	0.97195
621.8	0.97133
622.0	0.9707
622.2	0.97157
622.4	0.97172
622.6	0.97057
622.8	0.97133
623.0	0.97115
623.2	0.9712
623.4	0.9722
623.6	0.97412
623.8	0.9732
624.0	0.97242
624.2	0.97022
624.4	0.96958
624.6	0.97064
624.8	0.97153
625.0	0.973
625.2	0.97043
625.4	0.97209
625.6	0.97298
625.8	0.97379
626.0	0.9737
626.2	0.97337
626.4	0.97142
626.6	0.97152
626.8	0.9732
627.0	0.97295
627.2	0.97099
627.4	0.96934
627.6	0.9682
627.8	0.97109
628.0	0.97512
628.2	0.97151
628.4	0.97029
628.6	0.97166
628.8	0.97294
629.0	0.97124
629.2	0.97031
629.4	0.9692
629.6	0.97026
629.8	0.97067
630.0	0.97418
630.2	0.975
630.4	0.97338
630.6	0.97525
630.8	0.97643
631.0	0.9749
631.2	0.97427
631.4	0.97532
631.6	0.97278
631.8	0.97113
632.0	0.96946
632.2	0.96985
632.4	0.97012
632.6	0.9714
632.8	0.97171
633.0	0.97213
633.2	0.97301
633.4	0.97273
633.6	0.97284
633.8	0.97347
634.0	0.97271
634.2	0.97319
634.4	0.97152
634.6	0.96934
634.8	0.97075
635.0	0.97211
635.2	0.97278
635.4	0.97133
635.6	0.97233
635.8	0.96932
636.0	0.97051
636.2	0.96905
636.4	0.96858
636.6	0.96775
636.8	0.96695
637.0	0.96515
637.2	0.96685
637.4	0.9671
637.6	0.96594
637.8	0.96622
638.0	0.96912
638.2	0.97046
638.4	0.97325
638.6	0.97344
638.8	0.97264
639.0	0.96947
639.2	0.96904
639.4	0.96607
639.6	0.96656
639.8	0.96804
640.0	0.96843
640.2	0.96689
640.4	0.96775
640.6	0.96704
640.8	0.96632
641.0	0.96584
641.2	0.96522
641.4	0.96249
641.6	0.96421
641.8	0.96633
642.0	0.96783
642.2	0.96886
642.4	0.96909
642.6	0.96733
642.8	0.96547
643.0	0.96483
643.2	0.96563
643.4	0.96834
643.6	0.97033
643.8	0.96935
644.0	0.96937
644.2	0.96651
644.4	0.96642
644.6	0.96708
644.8	0.96759
645.0	0.96871
645.2	0.96841
645.4	0.96625
645.6	0.96634
645.8	0.96546
646.0	0.96595
646.2	0.96606
646.4	0.96501
646.6	0.96413
646.8	0.96444
647.0	0.96786
647.2	0.96803
647.4	0.96715
647.6	0.9668
647.8	0.9686
648.0	0.96554
648.2	0.96623
648.4	0.96712
648.6	0.96768
648.8	0.96831
649.0	0.96871
649.2	0.97036
649.4	0.9698
649.6	0.96842
649.8	0.96937
650.0	0.9687
650.2	0.96879
650.4	0.97002
650.6	0.97091
650.8	0.97065
651.0	0.97203
651.2	0.97303
651.4	0.97441
651.6	0.97572
651.8	0.97539
652.0	0.97329
652.2	0.97093
652.4	0.96958
652.6	0.96972
652.8	0.97287
653.0	0.97374
653.2	0.97482
653.4	0.97493
653.6	0.97365
653.8	0.97355
654.0	0.97488
654.2	0.97685
654.4	0.97563
654.6	0.97462
654.8	0.9729
655.0	0.97432
655.2	0.97585
655.4	0.97712
655.6	0.9767
655.8	0.97649
656.0	0.97641
656.2	0.97537
656.4	0.97593
656.6	0.97818
656.8	0.97941
657.0	0.97737
657.2	0.9761
657.4	0.97524
657.6	0.97477
657.8	0.97281
658.0	0.97362
658.2	0.97576
658.4	0.97537
658.6	0.97445
658.8	0.97467
659.0	0.97536
659.2	0.97504
659.4	0.97413
659.6	0.97636
659.8	0.97408
660.0	0.97275
660.2	0.97115
660.4	0.96995
660.6	0.97173
660.8	0.97364
661.0	0.97399
661.2	0.97544
661.4	0.97552
661.6	0.97589
661.8	0.97443
662.0	0.97458
662.2	0.97329
662.4	0.97169
662.6	0.97036
662.8	0.97296
663.0	0.97223
663.2	0.97307
663.4	0.97289
663.6	0.97226
663.8	0.97229
664.0	0.9718
664.2	0.97217
664.4	0.9722
664.6	0.97281
664.8	0.9729
665.0	0.97148
665.2	0.97072
665.4	0.97169
665.6	0.96997
665.8	0.96917
666.0	0.96951
666.2	0.97059
666.4	0.97144
666.6	0.96991
666.8	0.97256
667.0	0.97284
667.2	0.9699
667.4	0.96959
667.6	0.96689
667.8	0.96712
668.0	0.96893
668.2	0.9706
668.4	0.97139
668.6	0.97153
668.8	0.96874
669.0	0.96774
669.2	0.96704
669.4	0.96983
669.6	0.96755
669.8	0.96885
670.0	0.96918
670.2	0.9707
670.4	0.97033
670.6	0.96929
670.8	0.9714
671.0	0.97214
671.2	0.96963
671.4	0.9665
671.6	0.96809
671.8	0.97062
672.0	0.96893
672.2	0.96895
672.4	0.96595
672.6	0.96721
672.8	0.96931
673.0	0.97086
673.2	0.97374
673.4	0.97121
673.6	0.96923
673.8	0.96846
674.0	0.97274
674.2	0.97229
674.4	0.97152
674.6	0.97197
674.8	0.97182
675.0	0.97318
675.2	0.97175
675.4	0.96874
675.6	0.97003
675.8	0.96989
676.0	0.96768
676.2	0.96787
676.4	0.97003
676.6	0.97151
676.8	0.97384
677.0	0.97516
677.2	0.97351
677.4	0.97344
677.6	0.97283
677.8	0.97278
678.0	0.97475
678.2	0.97754
678.4	0.97664
678.6	0.97667
678.8	0.97762
679.0	0.97671
679.2	0.97795
679.4	0.97944
679.6	0.97859
679.8	0.97833
680.0	0.97677
680.2	0.97627
680.4	0.97573
680.6	0.9749
680.8	0.97771
681.0	0.98014
681.2	0.97903
681.4	0.97969
681.6	0.98018
681.8	0.98
682.0	0.97805
682.2	0.97653
682.4	0.97676
682.6	0.9783
682.8	0.97952
683.0	0.97939
683.2	0.97851
683.4	0.97734
683.6	0.97769
683.8	0.97736
684.0	0.97656
684.2	0.97576
684.4	0.9758
684.6	0.97559
684.8	0.97466
685.0	0.97439
685.2	0.97725
685.4	0.97803
685.6	0.97741
685.8	0.97685
686.0	0.97737
686.2	0.97669
686.4	0.97513
686.6	0.97577
686.8	0.97561
687.0	0.97531
687.2	0.97688
687.4	0.97737
687.6	0.97554
687.8	0.9765
688.0	0.97712
688.2	0.97902
688.4	0.97981
688.6	0.97794
688.8	0.97752
689.0	0.97861
689.2	0.97884
689.4	0.98003
689.6	0.97949
689.8	0.98025
690.0	0.97872
690.2	0.97722
690.4	0.97672
690.6	0.9771
690.8	0.97833
691.0	0.97891
691.2	0.97809
691.4	0.97709
691.6	0.97599
691.8	0.97533
692.0	0.97496
692.2	0.97436
692.4	0.97372
692.6	0.97391
692.8	0.97335
693.0	0.97492
693.2	0.97522
693.4	0.9751
693.6	0.97552
693.8	0.97609
694.0	0.97756
694.2	0.97717
694.4	0.97864
694.6	0.97986
694.8	0.97957
695.0	0.97903
695.2	0.97473
695.4	0.97359
695.6	0.97119
695.8	0.97226
696.0	0.97203
696.2	0.97285
696.4	0.97247
696.6	0.97255
696.8	0.97306
697.0	0.97226
697.2	0.96827
697.4	0.96581
697.6	0.97043
697.8	0.97277
698.0	0.97291
698.2	0.97375
698.4	0.97296
698.6	0.97114
698.8	0.97243
699.0	0.97318
699.2	0.9709
699.4	0.96963
699.6	0.96998
699.8	0.97019
700.0	0.97161
700.2	0.97337
700.4	0.97481
700.6	0.97183
700.8	0.97101
701.0	0.97138
701.2	0.97172
701.4	0.97212
701.6	0.97364
701.8	0.97287
702.0	0.97255
702.2	0.97093
702.4	0.97106
702.6	0.97264
702.8	0.97518
703.0	0.97659
703.2	0.97689
703.4	0.97624
703.6	0.97482
703.8	0.97219
704.0	0.97179
704.2	0.9747
704.4	0.97567
704.6	0.97511
704.8	0.97561
705.0	0.97746
705.2	0.97883
705.4	0.97841
705.6	0.98042
705.8	0.97982
706.0	0.97902
706.2	0.97723
706.4	0.97724
706.6	0.97741
706.8	0.97627
707.0	0.97821
707.2	0.97898
707.4	0.98035
707.6	0.98019
707.8	0.97945
708.0	0.97801
708.2	0.97693
708.4	0.9765
708.6	0.97859
708.8	0.97795
709.0	0.97706
709.2	0.9774
709.4	0.97795
709.6	0.97935
709.8	0.98034
710.0	0.98027
710.2	0.97805
710.4	0.9781
710.6	0.97893
710.8	0.9814
711.0	0.9823
711.2	0.98341
711.4	0.98234
711.6	0.98149
711.8	0.98021
712.0	0.98215
712.2	0.98321
712.4	0.98359
712.6	0.98294
712.8	0.98172
713.0	0.98118
713.2	0.98121
713.4	0.97979
713.6	0.97942
713.8	0.97896
714.0	0.97895
714.2	0.9802
714.4	0.97868
714.6	0.97722
714.8	0.97913
715.0	0.98042
715.2	0.98246
715.4	0.98365
715.6	0.98281
715.8	0.98308
716.0	0.98293
716.2	0.98052
716.4	0.98013
716.6	0.98051
716.8	0.98065
717.0	0.97777
717.2	0.97628
717.4	0.97881
717.6	0.97656
717.8	0.97525
718.0	0.97612
718.2	0.97623
718.4	0.97781
718.6	0.9786
718.8	0.97984
719.0	0.97814
719.2	0.97813
719.4	0.98143
719.6	0.98271
719.8	0.98338
720.0	0.98129
720.2	0.98
720.4	0.97875
720.6	0.97631
720.8	0.97383
721.0	0.97268
721.2	0.97228
721.4	0.97326
721.6	0.97441
721.8	0.97628
722.0	0.97321
722.2	0.97216
722.4	0.97374
722.6	0.97578
722.8	0.97379
723.0	0.97215
723.2	0.97051
723.4	0.97085
723.6	0.97181
723.8	0.97367
724.0	0.97411
724.2	0.97741
724.4	0.9762
724.6	0.97465
724.8	0.97321
725.0	0.97204
725.2	0.97245
725.4	0.97226
725.6	0.97289
725.8	0.97283
726.0	0.97492
726.2	0.97521
726.4	0.97337
726.6	0.97344
726.8	0.97411
727.0	0.97378
727.2	0.97556
727.4	0.97555
727.6	0.97411
727.8	0.97405
728.0	0.97442
728.2	0.97377
728.4	0.97548
728.6	0.97517
728.8	0.97345
729.0	0.97429
729.2	0.97544
729.4	0.97638
729.6	0.97665
729.8	0.97571
730.0	0.97527
730.2	0.97585
730.4	0.97579
730.6	0.97629
730.8	0.97587
731.0	0.97348
731.2	0.97253
731.4	0.97325
731.6	0.9727
731.8	0.97332
732.0	0.973
732.2	0.97399
732.4	0.97394
732.6	0.9753
732.8	0.97598
733.0	0.97702
733.2	0.97634
733.4	0.97565
733.6	0.97692
733.8	0.97562
734.0	0.97489
734.2	0.97331
734.4	0.97188
734.6	0.97297
734.8	0.97415
735.0	0.97468
735.2	0.97555
735.4	0.97661
735.6	0.97833
735.8	0.97637
736.0	0.97619
736.2	0.97691
736.4	0.97581
736.6	0.97717
736.8	0.97771
737.0	0.97619
737.2	0.97421
737.4	0.9751
737.6	0.97643
737.8	0.97719
738.0	0.97915
738.2	0.98052
738.4	0.98111
738.6	0.98082
738.8	0.97978
739.0	0.97853
739.2	0.97898
739.4	0.97802
739.6	0.97604
739.8	0.97392
740.0	0.97626
740.2	0.97861
740.4	0.97776
740.6	0.97647
740.8	0.97386
741.0	0.97501
741.2	0.97866
741.4	0.98038
741.6	0.98057
741.8	0.97957
742.0	0.98007
742.2	0.97688
742.4	0.97732
742.6	0.97552
742.8	0.97514
743.0	0.97637
743.2	0.97652
743.4	0.97835
743.6	0.97859
743.8	0.9778
744.0	0.97717
744.2	0.97736
744.4	0.97635
744.6	0.97671
744.8	0.97834
745.0	0.98036
745.2	0.98093
745.4	0.98122
745.6	0.97747
745.8	0.97888
746.0	0.9821
746.2	0.98211
746.4	0.98168
746.6	0.98084
746.8	0.98019
747.0	0.98105
747.2	0.98193
747.4	0.98175
747.6	0.97924
747.8	0.97983
748.0	0.98048
748.2	0.97958
748.4	0.97874
748.6	0.98119
748.8	0.98222
749.0	0.98314
749.2	0.98476
749.4	0.98004
749.6	0.97673
749.8	0.97898
750.0	0.98245
750.2	0.98323
750.4	0.98124
750.6	0.97953
750.8	0.97957
751.0	0.97901
751.2	0.97911
751.4	0.97896
751.6	0.9791
751.8	0.97776
752.0	0.97903
752.2	0.97807
752.4	0.97824
752.6	0.97811
752.8	0.97591
753.0	0.97527
753.2	0.97488
753.4	0.9758
753.6	0.97515
753.8	0.97756
754.0	0.979
754.2	0.97998
754.4	0.98141
754.6	0.98228
754.8	0.98311
755.0	0.98103
755.2	0.97931
755.4	0.97802
755.6	0.97777
755.8	0.97859
756.0	0.9787
756.2	0.97828
756.4	0.97611
756.6	0.97744
756.8	0.97827
757.0	0.97637
757.2	0.9763
757.4	0.97392
757.6	0.97244
757.8	0.97435
758.0	0.97553
758.2	0.9756
758.4	0.97596
758.6	0.97555
758.8	0.97492
759.0	0.97577
759.2	0.97643
759.4	0.97766
759.6	0.98077
759.8	0.97735
760.0	0.97453
760.2	0.9725
760.4	0.9734
760.6	0.97305
760.8	0.97331
761.0	0.97453
761.2	0.975
761.4	0.97285
761.6	0.97238
761.8	0.9731
762.0	0.97168
762.2	0.97293
762.4	0.97128
762.6	0.96955
762.8	0.96847
763.0	0.96944
763.2	0.96751
763.4	0.96826
763.6	0.96842
763.8	0.96763
764.0	0.96752
764.2	0.9678
764.4	0.9693
764.6	0.97043
764.8	0.97173
765.0	0.97145
765.2	0.97127
765.4	0.97163
765.6	0.97199
765.8	0.97054
766.0	0.97011
766.2	0.96791
766.4	0.96666
766.6	0.96879
766.8	0.96895
767.0	0.96825
767.2	0.96969
767.4	0.97035
767.6	0.97139
767.8	0.9734
768.0	0.97386
768.2	0.97429
768.4	0.97316
768.6	0.97227
768.8	0.97308
769.0	0.97271
769.2	0.97068
769.4	0.97062
769.6	0.97097
769.8	0.97136
770.0	0.97103
770.2	0.97183
770.4	0.97278
770.6	0.97375
770.8	0.97488
771.0	0.97522
771.2	0.97527
771.4	0.97519
771.6	0.97597
771.8	0.97482
772.0	0.97457
772.2	0.97611
772.4	0.97549
772.6	0.97412
772.8	0.9722
773.0	0.97177
773.2	0.9703
773.4	0.96944
773.6	0.9717
773.8	0.97314
774.0	0.97542
774.2	0.9756
774.4	0.97508
774.6	0.97344
774.8	0.97074
775.0	0.96645
775.2	0.96678
775.4	0.96895
775.6	0.97098
775.8	0.96949
776.0	0.96956
776.2	0.97194
776.4	0.97378
776.6	0.97302
776.8	0.97413
777.0	0.97584
777.2	0.97722
777.4	0.97598
777.6	0.97586
777.8	0.97847
778.0	0.97965
778.2	0.97898
778.4	0.97648
778.6	0.97458
778.8	0.97436
779.0	0.97641
779.2	0.97653
779.4	0.97563
779.6	0.97514
779.8	0.97515
780.0	0.97624
780.2	0.97903
780.4	0.97576
780.6	0.97182
780.8	0.97338
781.0	0.97292
781.2	0.97172
781.4	0.97309
781.6	0.97489
781.8	0.97498
782.0	0.97561
782.2	0.97554
782.4	0.97498
782.6	0.97386
782.8	0.9739
783.0	0.97579
783.2	0.97675
783.4	0.9749
783.6	0.97586
783.8	0.97648
784.0	0.97701
784.2	0.97658
784.4	0.97568
784.6	0.97491
784.8	0.97646
785.0	0.97939
785.2	0.97937
785.4	0.97602
785.6	0.97384
785.8	0.97378
786.0	0.97446
786.2	0.9746
786.4	0.97526
786.6	0.97505
786.8	0.97463
787.0	0.9766
787.2	0.97883
787.4	0.97758
787.6	0.97435
787.8	0.97181
788.0	0.97215
788.2	0.97305
788.4	0.97362
788.6	0.97547
788.8	0.97466
789.0	0.9718
789.2	0.96959
789.4	0.96772
789.6	0.96772
789.8	0.9685
790.0	0.96929
790.2	0.96953
790.4	0.97052
790.6	0.97049
790.8	0.96967
791.0	0.97074
791.2	0.9689
791.4	0.97116
791.6	0.97427
791.8	0.97367
792.0	0.97247
792.2	0.97279
792.4	0.97125
792.6	0.96813
792.8	0.96781
793.0	0.96907
793.2	0.96932
793.4	0.97041
793.6	0.97165
793.8	0.96901
794.0	0.96708
794.2	0.96732
794.4	0.96933
794.6	0.9696
794.8	0.96971
795.0	0.96737
795.2	0.97021
795.4	0.97258
795.6	0.97327
795.8	0.97246
796.0	0.97205
796.2	0.97047
796.4	0.96941
796.6	0.96828
796.8	0.96693
797.0	0.96681
797.2	0.96615
797.4	0.96404
797.6	0.9624
797.8	0.96372
798.0	0.96466
798.2	0.96738
798.4	0.969
798.6	0.96668
798.8	0.96541
799.0	0.96325
799.2	0.96376
799.4	0.96123
799.6	0.9598
799.8	0.9601
800.0	0.96063
