Wavelength Transmission
300.0	0.01554
300.2	0.01395
300.4	0.01186
300.6	0.00992
300.8	0.0082
301.0	0.00689
301.2	0.00594
301.4	0.00542
301.6	0.00507
301.8	0.00498
302.0	0.00499
302.2	0.00522
302.4	0.00547
302.6	0.00573
302.8	0.00628
303.0	0.00705
303.2	0.00862
303.4	0.01118
303.6	0.01539
303.8	0.02148
304.0	0.02984
304.2	0.03856
304.4	0.04727
304.6	0.05355
304.8	0.05726
305.0	0.05976
305.2	0.06187
305.4	0.06919
305.6	0.07807
305.8	0.08828
306.0	0.09654
306.2	0.10198
306.4	0.1062
306.6	0.10991
306.8	0.11301
307.0	0.11621
307.2	0.11707
307.4	0.11456
307.6	0.10892
307.8	0.10221
308.0	0.09744
308.2	0.0962
308.4	0.09903
308.6	0.10291
308.8	0.10447
309.0	0.09988
309.2	0.09006
309.4	0.07715
309.6	0.06524
309.8	0.05808
310.0	0.05916
310.2	0.06716
310.4	0.08046
310.6	0.09426
310.8	0.10324
311.0	0.10445
311.2	0.09828
311.4	0.08809
311.6	0.08039
311.8	0.079
312.0	0.08303
312.2	0.09122
312.4	0.09685
312.6	0.09846
312.8	0.09351
313.0	0.08253
313.2	0.06812
313.4	0.05529
313.6	0.04374
313.8	0.03365
314.0	0.02553
314.2	0.01991
314.4	0.01547
314.6	0.01147
314.8	0.00817
315.0	0.00579
315.2	0.00479
315.4	0.00413
315.6	0.00387
315.8	0.0033
316.0	0.00321
316.2	0.00325
316.4	0.00332
316.6	0.00347
316.8	0.00346
317.0	0.0036
317.2	0.00364
317.4	0.00365
317.6	0.00376
317.8	0.00367
318.0	0.00394
318.2	0.00393
318.4	0.00396
318.6	0.00397
318.8	0.00413
319.0	0.00417
319.2	0.00426
319.4	0.00428
319.6	0.00429
319.8	0.0044
320.0	0.00429
320.2	0.00431
320.4	0.00436
320.6	0.00442
320.8	0.00458
321.0	0.00461
321.2	0.00469
321.4	0.0049
321.6	0.00512
321.8	0.00529
322.0	0.00552
322.2	0.00585
322.4	0.00605
322.6	0.00629
322.8	0.00643
323.0	0.00652
323.2	0.0066
323.4	0.00651
323.6	0.00661
323.8	0.00654
324.0	0.00631
324.2	0.00625
324.4	0.00618
324.6	0.00614
324.8	0.00597
325.0	0.00596
325.2	0.00589
325.4	0.00591
325.6	0.00601
325.8	0.00616
326.0	0.00628
326.2	0.00636
326.4	0.00651
326.6	0.00664
326.8	0.00658
327.0	0.00661
327.2	0.00667
327.4	0.00659
327.6	0.00658
327.8	0.00653
328.0	0.00645
328.2	0.00649
328.4	0.00636
328.6	0.00632
328.8	0.00637
329.0	0.00628
329.2	0.0063
329.4	0.00636
329.6	0.00629
329.8	0.00624
330.0	0.00628
330.2	0.00627
330.4	0.00634
330.6	0.00631
330.8	0.00644
331.0	0.00646
331.2	0.00699
331.4	0.00749
331.6	0.00785
331.8	0.00814
332.0	0.0084
332.2	0.00886
332.4	0.00946
332.6	0.01028
332.8	0.01087
333.0	0.01129
333.2	0.01168
333.4	0.01218
333.6	0.01354
333.8	0.01673
334.0	0.02213
334.2	0.02788
334.4	0.03232
334.6	0.03532
334.8	0.03737
335.0	0.04016
335.2	0.04392
335.4	0.04932
335.6	0.05426
335.8	0.0581
336.0	0.0613
336.2	0.06319
336.4	0.06367
336.6	0.06294
336.8	0.06313
337.0	0.06667
337.2	0.07589
337.4	0.08775
337.6	0.0998
337.8	0.11198
338.0	0.12474
338.2	0.13688
338.4	0.14646
338.6	0.14887
338.8	0.14549
339.0	0.13937
339.2	0.13138
339.4	0.12097
339.6	0.10679
339.8	0.0938
340.0	0.08957
340.2	0.09924
340.4	0.11964
340.6	0.14031
340.8	0.15667
341.0	0.16784
341.2	0.17321
341.4	0.17329
341.6	0.17034
341.8	0.16879
342.0	0.17211
342.2	0.17782
342.4	0.18342
342.6	0.18632
342.8	0.18675
343.0	0.18419
343.2	0.18113
343.4	0.17906
343.6	0.17887
343.8	0.17946
344.0	0.17909
344.2	0.17685
344.4	0.16837
344.6	0.15056
344.8	0.12565
345.0	0.09833
345.2	0.07493
345.4	0.05703
345.6	0.04271
345.8	0.03205
346.0	0.02749
346.2	0.02863
346.4	0.03428
346.6	0.04298
346.8	0.05303
347.0	0.0613
347.2	0.06663
347.4	0.06796
347.6	0.06639
347.8	0.06142
348.0	0.05377
348.2	0.04409
348.4	0.03519
348.6	0.02845
348.8	0.02408
349.0	0.02127
349.2	0.01956
349.4	0.01837
349.6	0.01727
349.8	0.01633
350.0	0.01588
350.2	0.01674
350.4	0.01956
350.6	0.0252
350.8	0.03519
351.0	0.04876
351.2	0.06388
351.4	0.07779
351.6	0.08892
351.8	0.09703
352.0	0.10245
352.2	0.10556
352.4	0.10761
352.6	0.11152
352.8	0.11939
353.0	0.13212
353.2	0.14997
353.4	0.17031
353.6	0.1905
353.8	0.20644
354.0	0.21762
354.2	0.22347
354.4	0.22596
354.6	0.22801
354.8	0.23091
355.0	0.2381
355.2	0.25071
355.4	0.26672
355.6	0.28661
355.8	0.30891
356.0	0.3308
356.2	0.34817
356.4	0.35996
356.6	0.36552
356.8	0.36778
357.0	0.37033
357.2	0.37343
357.4	0.37536
357.6	0.37471
357.8	0.37158
358.0	0.36874
358.2	0.36776
358.4	0.36827
358.6	0.3702
358.8	0.37489
359.0	0.38457
359.2	0.4008
359.4	0.41919
359.6	0.43968
359.8	0.45781
360.0	0.47068
360.2	0.47828
360.4	0.48129
360.6	0.47993
360.8	0.47488
361.0	0.46812
361.2	0.4588
361.4	0.45009
361.6	0.44352
361.8	0.43991
362.0	0.43847
362.2	0.44021
362.4	0.44465
362.6	0.45352
362.8	0.46603
363.0	0.48114
363.2	0.49675
363.4	0.51142
363.6	0.52124
363.8	0.52442
364.0	0.52151
364.2	0.51446
364.4	0.50509
364.6	0.4962
364.8	0.49127
365.0	0.49503
365.2	0.51326
365.4	0.53438
365.6	0.55625
365.8	0.57453
366.0	0.58668
366.2	0.5886
366.4	0.58376
366.6	0.56951
366.8	0.54806
367.0	0.5222
367.2	0.49945
367.4	0.47793
367.6	0.4619
367.8	0.45273
368.0	0.44917
368.2	0.45183
368.4	0.45915
368.6	0.47263
368.8	0.49322
369.0	0.51815
369.2	0.5456
369.4	0.57178
369.6	0.59482
369.8	0.61223
370.0	0.61468
370.2	0.60657
370.4	0.58902
370.6	0.56274
370.8	0.53187
371.0	0.50255
371.2	0.47587
371.4	0.45733
371.6	0.45061
371.8	0.45443
372.0	0.46836
372.2	0.49085
372.4	0.52175
372.6	0.5574
372.8	0.59337
373.0	0.62859
373.2	0.66075
373.4	0.68448
373.6	0.7026
373.8	0.71025
374.0	0.71221
374.2	0.70668
374.4	0.69999
374.6	0.69415
374.8	0.68963
375.0	0.68597
375.2	0.67915
375.4	0.66395
375.6	0.64136
375.8	0.60824
376.0	0.56643
376.2	0.51568
376.4	0.46107
376.6	0.40366
376.8	0.35053
377.0	0.30771
377.2	0.28125
377.4	0.27494
377.6	0.28441
377.8	0.30476
378.0	0.32614
378.2	0.34487
378.4	0.3553
378.6	0.35442
378.8	0.34098
379.0	0.31445
379.2	0.27504
379.4	0.22776
379.6	0.17819
379.8	0.1353
380.0	0.10034
380.2	0.07554
380.4	0.05855
380.6	0.04744
380.8	0.04057
381.0	0.03573
381.2	0.03215
381.4	0.0298
381.6	0.02786
381.8	0.02674
382.0	0.0258
382.2	0.02543
382.4	0.0251
382.6	0.02471
382.8	0.02426
383.0	0.02449
383.2	0.02456
383.4	0.02454
383.6	0.0246
383.8	0.02476
384.0	0.02508
384.2	0.02503
384.4	0.02536
384.6	0.02552
384.8	0.02559
385.0	0.02607
385.2	0.02626
385.4	0.02659
385.6	0.0271
385.8	0.02761
386.0	0.02815
386.2	0.02953
386.4	0.03122
386.6	0.03461
386.8	0.04006
387.0	0.04857
387.2	0.05798
387.4	0.06755
387.6	0.07553
387.8	0.08215
388.0	0.08641
388.2	0.08952
388.4	0.09187
388.6	0.09225
388.8	0.09133
389.0	0.08959
389.2	0.08916
389.4	0.09245
389.6	0.10122
389.8	0.11816
390.0	0.14167
390.2	0.17041
390.4	0.19936
390.6	0.22677
390.8	0.25069
391.0	0.27064
391.2	0.28726
391.4	0.30149
391.6	0.31694
391.8	0.32968
392.0	0.3374
392.2	0.34313
392.4	0.34867
392.6	0.35678
392.8	0.36872
393.0	0.38335
393.2	0.39739
393.4	0.40954
393.6	0.42131
393.8	0.4377
394.0	0.45819
394.2	0.48398
394.4	0.5124
394.6	0.54178
394.8	0.57113
395.0	0.60035
395.2	0.62773
395.4	0.65229
395.6	0.67995
395.8	0.70393
396.0	0.72991
396.2	0.75559
396.4	0.77908
396.6	0.80063
396.8	0.82106
397.0	0.83783
397.2	0.84977
397.4	0.86136
397.6	0.86961
397.8	0.87355
398.0	0.87741
398.2	0.88001
398.4	0.87911
398.6	0.8794
398.8	0.88131
399.0	0.88514
399.2	0.88847
399.4	0.89182
399.6	0.8973
399.8	0.90427
400.0	0.90818
400.2	0.91193
400.4	0.91462
400.6	0.91869
400.8	0.9201
401.0	0.92244
401.2	0.92529
401.4	0.92526
401.6	0.9269
401.8	0.92795
402.0	0.92978
402.2	0.92924
402.4	0.92927
402.6	0.9278
402.8	0.92691
403.0	0.92741
403.2	0.92689
403.4	0.92806
403.6	0.92671
403.8	0.92628
404.0	0.92779
404.2	0.92812
404.4	0.92819
404.6	0.92801
404.8	0.9295
405.0	0.92831
405.2	0.92939
405.4	0.92929
405.6	0.92947
405.8	0.92948
406.0	0.92987
406.2	0.92944
406.4	0.92866
406.6	0.93098
406.8	0.93145
407.0	0.93232
407.2	0.93278
407.4	0.93357
407.6	0.9343
407.8	0.93336
408.0	0.93126
408.2	0.9324
408.4	0.93111
408.6	0.92949
408.8	0.93003
409.0	0.92855
409.2	0.9293
409.4	0.92876
409.6	0.92688
409.8	0.92623
410.0	0.9277
410.2	0.92727
410.4	0.92837
410.6	0.927
410.8	0.92646
411.0	0.92939
411.2	0.92914
411.4	0.93244
411.6	0.93127
411.8	0.9309
412.0	0.93227
412.2	0.93408
412.4	0.93522
412.6	0.93587
412.8	0.93645
413.0	0.93632
413.2	0.93723
413.4	0.93855
413.6	0.93882
413.8	0.93905
414.0	0.93801
414.2	0.93632
414.4	0.93823
414.6	0.93899
414.8	0.93867
415.0	0.94018
415.2	0.94001
415.4	0.93897
415.6	0.94205
415.8	0.94068
416.0	0.93958
416.2	0.94213
416.4	0.94059
416.6	0.94072
416.8	0.94197
417.0	0.94083
417.2	0.93958
417.4	0.94196
417.6	0.94329
417.8	0.94167
418.0	0.94186
418.2	0.94358
418.4	0.94426
418.6	0.94709
418.8	0.95061
419.0	0.9496
419.2	0.95101
419.4	0.95275
419.6	0.9551
419.8	0.95594
420.0	0.95504
420.2	0.95473
420.4	0.95318
420.6	0.95048
420.8	0.95138
421.0	0.95003
421.2	0.94948
421.4	0.94832
421.6	0.94602
421.8	0.94512
422.0	0.94416
422.2	0.94401
422.4	0.94258
422.6	0.94204
422.8	0.94163
423.0	0.94072
423.2	0.94049
423.4	0.94082
423.6	0.94187
423.8	0.94291
424.0	0.94217
424.2	0.94305
424.4	0.9435
424.6	0.9433
424.8	0.94387
425.0	0.94212
425.2	0.94283
425.4	0.94209
425.6	0.94211
425.8	0.94013
426.0	0.93862
426.2	0.93989
426.4	0.93893
426.6	0.93896
426.8	0.93889
427.0	0.93792
427.2	0.93745
427.4	0.93963
427.6	0.93973
427.8	0.94121
428.0	0.94106
428.2	0.94264
428.4	0.94293
428.6	0.94367
428.8	0.94407
429.0	0.94407
429.2	0.94462
429.4	0.94597
429.6	0.94794
429.8	0.94712
430.0	0.94829
430.2	0.94942
430.4	0.94999
430.6	0.9523
430.8	0.95456
431.0	0.95528
431.2	0.95573
431.4	0.95572
431.6	0.95324
431.8	0.95192
432.0	0.95351
432.2	0.95215
432.4	0.951
432.6	0.95093
432.8	0.94888
433.0	0.94509
433.2	0.94267
433.4	0.9419
433.6	0.94104
433.8	0.94309
434.0	0.94257
434.2	0.94238
434.4	0.94269
434.6	0.94312
434.8	0.94526
435.0	0.94754
435.2	0.94706
435.4	0.9478
435.6	0.94797
435.8	0.94964
436.0	0.95045
436.2	0.94943
436.4	0.94844
436.6	0.94881
436.8	0.94774
437.0	0.9455
437.2	0.94452
437.4	0.94468
437.6	0.94368
437.8	0.94157
438.0	0.94157
438.2	0.93844
438.4	0.93731
438.6	0.93648
438.8	0.93756
439.0	0.93772
439.2	0.93873
439.4	0.93728
439.6	0.9375
439.8	0.93694
440.0	0.93623
440.2	0.93606
440.4	0.93553
440.6	0.93595
440.8	0.93749
441.0	0.93809
441.2	0.93863
441.4	0.94013
441.6	0.94091
441.8	0.94223
442.0	0.94335
442.2	0.94123
442.4	0.943
442.6	0.94358
442.8	0.94404
443.0	0.94383
443.2	0.94388
443.4	0.94451
443.6	0.94625
443.8	0.94587
444.0	0.94633
444.2	0.94707
444.4	0.94845
444.6	0.94777
444.8	0.94812
445.0	0.95174
445.2	0.95057
445.4	0.95015
445.6	0.95076
445.8	0.95163
446.0	0.95209
446.2	0.95087
446.4	0.949
446.6	0.94699
446.8	0.94601
447.0	0.94377
447.2	0.94237
447.4	0.94283
447.6	0.94114
447.8	0.93986
448.0	0.93985
448.2	0.93881
448.4	0.93973
448.6	0.94084
448.8	0.94106
449.0	0.94248
449.2	0.94463
449.4	0.9458
449.6	0.94357
449.8	0.94359
450.0	0.94297
450.2	0.94131
450.4	0.94134
450.6	0.9407
450.8	0.93932
451.0	0.93958
451.2	0.93825
451.4	0.93688
451.6	0.93757
451.8	0.93837
452.0	0.93783
452.2	0.9376
452.4	0.93824
452.6	0.94048
452.8	0.94209
453.0	0.94366
453.2	0.9437
453.4	0.94571
453.6	0.94659
453.8	0.9447
454.0	0.94478
454.2	0.94373
454.4	0.94362
454.6	0.94372
454.8	0.9462
455.0	0.94699
455.2	0.94733
455.4	0.94778
455.6	0.94916
455.8	0.94827
456.0	0.94897
456.2	0.94774
456.4	0.95129
456.6	0.95241
456.8	0.95174
457.0	0.95158
457.2	0.95029
457.4	0.94986
457.6	0.94819
457.8	0.94695
458.0	0.94461
458.2	0.94272
458.4	0.94028
458.6	0.94003
458.8	0.93697
459.0	0.93668
459.2	0.93846
459.4	0.93706
459.6	0.93837
459.8	0.93792
460.0	0.94081
460.2	0.94236
460.4	0.94509
460.6	0.94446
460.8	0.94538
461.0	0.94675
461.2	0.94836
461.4	0.94809
461.6	0.94647
461.8	0.94802
462.0	0.94661
462.2	0.94653
462.4	0.94597
462.6	0.94654
462.8	0.94382
463.0	0.94153
463.2	0.94095
463.4	0.94032
463.6	0.94023
463.8	0.93828
464.0	0.93772
464.2	0.93767
464.4	0.93667
464.6	0.93832
464.8	0.93899
465.0	0.94317
465.2	0.94252
465.4	0.94274
465.6	0.94139
465.8	0.94103
466.0	0.94107
466.2	0.94196
466.4	0.94195
466.6	0.93978
466.8	0.94051
467.0	0.93824
467.2	0.94003
467.4	0.94098
467.6	0.9411
467.8	0.94264
468.0	0.94282
468.2	0.94321
468.4	0.94589
468.6	0.94639
468.8	0.94913
469.0	0.95011
469.2	0.95032
469.4	0.9502
469.6	0.94754
469.8	0.94656
470.0	0.94423
470.2	0.94269
470.4	0.93955
470.6	0.93645
470.8	0.93219
471.0	0.92792
471.2	0.92461
471.4	0.91994
471.6	0.91583
471.8	0.90767
472.0	0.89809
472.2	0.88444
472.4	0.87087
472.6	0.85497
472.8	0.83298
473.0	0.81443
473.2	0.79372
473.4	0.76414
473.6	0.7419
473.8	0.71456
474.0	0.68696
474.2	0.66062
474.4	0.6281
474.6	0.60233
474.8	0.57698
475.0	0.54799
475.2	0.5193
475.4	0.49536
475.6	0.47118
475.8	0.44717
476.0	0.42439
476.2	0.40103
476.4	0.37856
476.6	0.35669
476.8	0.33403
477.0	0.31232
477.2	0.28994
477.4	0.26831
477.6	0.24772
477.8	0.22745
478.0	0.20828
478.2	0.19006
478.4	0.17302
478.6	0.15656
478.8	0.14225
479.0	0.12899
479.2	0.11663
479.4	0.10547
479.6	0.09542
479.8	0.08654
480.0	0.08135
480.2	0.07402
480.4	0.0675
480.6	0.06181
480.8	0.05673
481.0	0.05212
481.2	0.04817
481.4	0.04555
481.6	0.04444
481.8	0.04156
482.0	0.03899
482.2	0.03666
482.4	0.03466
482.6	0.03279
482.8	0.03115
483.0	0.02836
483.2	0.02721
483.4	0.02605
483.6	0.02493
483.8	0.02388
484.0	0.02311
484.2	0.02229
484.4	0.02127
484.6	0.0206
484.8	0.01997
485.0	0.01941
485.2	0.01893
485.4	0.0186
485.6	0.01822
485.8	0.01763
486.0	0.01737
486.2	0.01711
486.4	0.01691
486.6	0.01669
486.8	0.01667
487.0	0.01651
487.2	0.01641
487.4	0.01639
487.6	0.01646
487.8	0.01649
488.0	0.01658
488.2	0.01678
488.4	0.01689
488.6	0.01715
488.8	0.01743
489.0	0.0178
489.2	0.01823
489.4	0.01864
489.6	0.01915
489.8	0.01969
490.0	0.02134
490.2	0.02223
490.4	0.02314
490.6	0.02418
490.8	0.02536
491.0	0.0267
491.2	0.02824
491.4	0.02934
491.6	0.03127
491.8	0.03338
492.0	0.03572
492.2	0.0384
492.4	0.0415
492.6	0.04496
492.8	0.04703
493.0	0.05089
493.2	0.05568
493.4	0.06136
493.6	0.06776
493.8	0.07501
494.0	0.08401
494.2	0.09207
494.4	0.10092
494.6	0.11272
494.8	0.12637
495.0	0.14144
495.2	0.15799
495.4	0.17657
495.6	0.19572
495.8	0.21416
496.0	0.23788
496.2	0.2629
496.4	0.28954
496.6	0.31827
496.8	0.3488
497.0	0.37917
497.2	0.40954
497.4	0.44221
497.6	0.47549
497.8	0.50905
498.0	0.54023
498.2	0.57331
498.4	0.60471
498.6	0.63877
498.8	0.66973
499.0	0.7003
499.2	0.72927
499.4	0.75679
499.6	0.78109
499.8	0.8044
500.0	0.8262
500.2	0.84992
500.4	0.86659
500.6	0.88122
500.8	0.89408
501.0	0.90763
501.2	0.91975
501.4	0.9281
501.6	0.93483
501.8	0.9418
502.0	0.94579
502.2	0.94942
502.4	0.95223
502.6	0.95412
502.8	0.95404
503.0	0.95609
503.2	0.95748
503.4	0.957
503.6	0.95472
503.8	0.95373
504.0	0.95191
504.2	0.95018
504.4	0.95115
504.6	0.95212
504.8	0.9522
505.0	0.95108
505.2	0.9527
505.4	0.95371
505.6	0.95425
505.8	0.95304
506.0	0.95441
506.2	0.95489
506.4	0.95365
506.6	0.95609
506.8	0.95438
507.0	0.95154
507.2	0.95143
507.4	0.95267
507.6	0.94947
507.8	0.94896
508.0	0.94838
508.2	0.94883
508.4	0.95088
508.6	0.95135
508.8	0.95052
509.0	0.9498
509.2	0.94852
509.4	0.94641
509.6	0.94682
509.8	0.94835
510.0	0.95025
510.2	0.94995
510.4	0.94756
510.6	0.94902
510.8	0.94972
511.0	0.94928
511.2	0.95011
511.4	0.94881
511.6	0.94968
511.8	0.94896
512.0	0.94925
512.2	0.9491
512.4	0.95047
512.6	0.95018
512.8	0.94811
513.0	0.94789
513.2	0.94918
513.4	0.95175
513.6	0.95013
513.8	0.95068
514.0	0.94899
514.2	0.94868
514.4	0.95026
514.6	0.94891
514.8	0.94902
515.0	0.95124
515.2	0.95067
515.4	0.95278
515.6	0.95345
515.8	0.95481
516.0	0.95383
516.2	0.95184
516.4	0.95319
516.6	0.95197
516.8	0.9529
517.0	0.95442
517.2	0.95342
517.4	0.9529
517.6	0.95251
517.8	0.95387
518.0	0.95468
518.2	0.95478
518.4	0.95452
518.6	0.95458
518.8	0.9541
519.0	0.95709
519.2	0.95668
519.4	0.95688
519.6	0.95586
519.8	0.95597
520.0	0.9552
520.2	0.95209
520.4	0.95197
520.6	0.95246
520.8	0.95165
521.0	0.95179
521.2	0.95252
521.4	0.95164
521.6	0.94978
521.8	0.94992
522.0	0.95063
522.2	0.95141
522.4	0.95179
522.6	0.94982
522.8	0.94927
523.0	0.94848
523.2	0.94682
523.4	0.94795
523.6	0.95052
523.8	0.95226
524.0	0.95111
524.2	0.95187
524.4	0.95079
524.6	0.95148
524.8	0.95296
525.0	0.95354
525.2	0.95412
525.4	0.954
525.6	0.95463
525.8	0.9549
526.0	0.95509
526.2	0.95602
526.4	0.95603
526.6	0.95401
526.8	0.95544
527.0	0.95585
527.2	0.95646
527.4	0.95785
527.6	0.95746
527.8	0.95888
528.0	0.95869
528.2	0.9584
528.4	0.9593
528.6	0.95868
528.8	0.96046
529.0	0.96172
529.2	0.95986
529.4	0.96036
529.6	0.96047
529.8	0.95838
530.0	0.95637
530.2	0.95502
530.4	0.95325
530.6	0.95418
530.8	0.95466
531.0	0.95496
531.2	0.95465
531.4	0.95455
531.6	0.95441
531.8	0.9548
532.0	0.95452
532.2	0.95394
532.4	0.95526
532.6	0.95744
532.8	0.95831
533.0	0.95655
533.2	0.95691
533.4	0.95834
533.6	0.95768
533.8	0.95948
534.0	0.96101
534.2	0.96208
534.4	0.96139
534.6	0.96153
534.8	0.95955
535.0	0.95927
535.2	0.95852
535.4	0.95744
535.6	0.95669
535.8	0.95573
536.0	0.95506
536.2	0.95512
536.4	0.9552
536.6	0.95641
536.8	0.95421
537.0	0.95284
537.2	0.95238
537.4	0.95236
537.6	0.95549
537.8	0.95591
538.0	0.95727
538.2	0.95871
538.4	0.96013
538.6	0.96114
538.8	0.96089
539.0	0.96435
539.2	0.96549
539.4	0.96736
539.6	0.96722
539.8	0.96748
540.0	0.96503
540.2	0.96505
540.4	0.96772
540.6	0.96625
540.8	0.96528
541.0	0.96344
541.2	0.96291
541.4	0.9602
541.6	0.9557
541.8	0.95454
542.0	0.95563
542.2	0.95784
542.4	0.95903
542.6	0.95928
542.8	0.96025
543.0	0.96228
543.2	0.96033
543.4	0.96093
543.6	0.9622
543.8	0.96149
544.0	0.96415
544.2	0.9648
544.4	0.9662
544.6	0.96642
544.8	0.9657
545.0	0.96626
545.2	0.9654
545.4	0.96438
545.6	0.96135
545.8	0.96034
546.0	0.96144
546.2	0.95929
546.4	0.95782
546.6	0.95693
546.8	0.95475
547.0	0.95213
547.2	0.94889
547.4	0.94634
547.6	0.94511
547.8	0.94408
548.0	0.94603
548.2	0.94499
548.4	0.94543
548.6	0.94441
548.8	0.94534
549.0	0.94613
549.2	0.94644
549.4	0.94605
549.6	0.94277
549.8	0.94006
550.0	0.9344
550.2	0.92519
550.4	0.91535
550.6	0.89971
550.8	0.88078
551.0	0.85903
551.2	0.83615
551.4	0.81131
551.6	0.78362
551.8	0.75512
552.0	0.7261
552.2	0.69423
552.4	0.66208
552.6	0.63154
552.8	0.60345
553.0	0.57613
553.2	0.5527
553.4	0.53193
553.6	0.51301
553.8	0.49902
554.0	0.48807
554.2	0.47917
554.4	0.46989
554.6	0.46155
554.8	0.45421
555.0	0.4453
555.2	0.43522
555.4	0.42473
555.6	0.41256
555.8	0.39673
556.0	0.37948
556.2	0.36015
556.4	0.33859
556.6	0.31622
556.8	0.29138
557.0	0.26734
557.2	0.2424
557.4	0.21631
557.6	0.19137
557.8	0.16799
558.0	0.14651
558.2	0.12662
558.4	0.10826
558.6	0.09227
558.8	0.07824
559.0	0.06625
559.2	0.056
559.4	0.04721
559.6	0.04002
559.8	0.03408
560.0	0.03116
560.2	0.02669
560.4	0.02299
560.6	0.01984
560.8	0.01719
561.0	0.01503
561.2	0.01319
561.4	0.01186
561.6	0.01087
561.8	0.00966
562.0	0.00861
562.2	0.00776
562.4	0.00703
562.6	0.0064
562.8	0.00576
563.0	0.00512
563.2	0.00472
563.4	0.00435
563.6	0.00402
563.8	0.00377
564.0	0.00352
564.2	0.00328
564.4	0.00305
564.6	0.00287
564.8	0.00272
565.0	0.00259
565.2	0.00247
565.4	0.00235
565.6	0.00226
565.8	0.00215
566.0	0.00208
566.2	0.00201
566.4	0.00195
566.6	0.00191
566.8	0.00187
567.0	0.00183
567.2	0.00181
567.4	0.0018
567.6	0.00177
567.8	0.00175
568.0	0.00175
568.2	0.00176
568.4	0.00176
568.6	0.00176
568.8	0.00178
569.0	0.0018
569.2	0.00182
569.4	0.00185
569.6	0.0019
569.8	0.00194
570.0	0.00199
570.2	0.00206
570.4	0.00212
570.6	0.00219
570.8	0.00229
571.0	0.00238
571.2	0.00249
571.4	0.00264
571.6	0.00278
571.8	0.00295
572.0	0.00312
572.2	0.00333
572.4	0.00354
572.6	0.00381
572.8	0.00423
573.0	0.00457
573.2	0.00494
573.4	0.00541
573.6	0.00623
573.8	0.00665
574.0	0.00737
574.2	0.00845
574.4	0.00943
574.6	0.01051
574.8	0.01182
575.0	0.01336
575.2	0.01364
575.4	0.01553
575.6	0.01779
575.8	0.02041
576.0	0.02364
576.2	0.02744
576.4	0.03217
576.6	0.03786
576.8	0.04467
577.0	0.05295
577.2	0.06258
577.4	0.07447
577.6	0.08837
577.8	0.10479
578.0	0.12396
578.2	0.14577
578.4	0.17013
578.6	0.19709
578.8	0.22549
579.0	0.25648
579.2	0.28939
579.4	0.32473
579.6	0.36164
579.8	0.39964
580.0	0.43965
580.2	0.483
580.4	0.5263
580.6	0.56816
580.8	0.60934
581.0	0.64907
581.2	0.68594
581.4	0.721
581.6	0.75521
581.8	0.78639
582.0	0.81296
582.2	0.83813
582.4	0.86128
582.6	0.88175
582.8	0.89766
583.0	0.91247
583.2	0.92442
583.4	0.93263
583.6	0.93889
583.8	0.94376
584.0	0.94661
584.2	0.94885
584.4	0.95358
584.6	0.95655
584.8	0.95696
585.0	0.96019
585.2	0.96206
585.4	0.96071
585.6	0.96003
585.8	0.95792
586.0	0.95652
586.2	0.95676
586.4	0.95435
586.6	0.95355
586.8	0.95314
587.0	0.9514
587.2	0.95091
587.4	0.95189
587.6	0.94881
587.8	0.94926
588.0	0.95003
588.2	0.95105
588.4	0.94885
588.6	0.94918
588.8	0.94824
589.0	0.94803
589.2	0.94818
589.4	0.94899
589.6	0.95169
589.8	0.95307
590.0	0.95427
590.2	0.95634
590.4	0.9565
590.6	0.95663
590.8	0.95866
591.0	0.96043
591.2	0.96156
591.4	0.9589
591.6	0.95866
591.8	0.96275
592.0	0.96222
592.2	0.96217
592.4	0.96247
592.6	0.96188
592.8	0.96242
593.0	0.96216
593.2	0.96331
593.4	0.96248
593.6	0.96238
593.8	0.96336
594.0	0.96483
594.2	0.96425
594.4	0.96653
594.6	0.96488
594.8	0.96557
595.0	0.96644
595.2	0.96742
595.4	0.96763
595.6	0.96497
595.8	0.96308
596.0	0.9642
596.2	0.96426
596.4	0.96503
596.6	0.96486
596.8	0.96408
597.0	0.96358
597.2	0.96142
597.4	0.96025
597.6	0.95922
597.8	0.95774
598.0	0.95964
598.2	0.95965
598.4	0.95748
598.6	0.95764
598.8	0.95744
599.0	0.95683
599.2	0.95687
599.4	0.95707
599.6	0.95533
599.8	0.95503
600.0	0.95536
600.2	0.95761
600.4	0.9554
600.6	0.95411
600.8	0.95487
601.0	0.95548
601.2	0.95665
601.4	0.95589
601.6	0.95474
601.8	0.95665
602.0	0.95827
602.2	0.95908
602.4	0.96057
602.6	0.96161
602.8	0.96163
603.0	0.96054
603.2	0.95962
603.4	0.96028
603.6	0.9609
603.8	0.96031
604.0	0.95971
604.2	0.95809
604.4	0.96069
604.6	0.95922
604.8	0.95919
605.0	0.96082
605.2	0.95925
605.4	0.95924
605.6	0.95933
605.8	0.95899
606.0	0.96123
606.2	0.96314
606.4	0.95976
606.6	0.96031
606.8	0.96059
607.0	0.96231
607.2	0.96283
607.4	0.96159
607.6	0.96228
607.8	0.96296
608.0	0.96379
608.2	0.96293
608.4	0.96368
608.6	0.96539
608.8	0.96502
609.0	0.96721
609.2	0.96644
609.4	0.96856
609.6	0.96724
609.8	0.96735
610.0	0.96788
610.2	0.96774
610.4	0.96784
610.6	0.96876
610.8	0.9681
611.0	0.96698
611.2	0.96784
611.4	0.9676
611.6	0.96642
611.8	0.96844
612.0	0.96779
612.2	0.96731
612.4	0.96726
612.6	0.96675
612.8	0.96721
613.0	0.97068
613.2	0.97146
613.4	0.97194
613.6	0.9712
613.8	0.96938
614.0	0.96557
614.2	0.96781
614.4	0.9683
614.6	0.96908
614.8	0.96804
615.0	0.96536
615.2	0.96388
615.4	0.96502
615.6	0.96188
615.8	0.96064
616.0	0.96162
616.2	0.96098
616.4	0.96184
616.6	0.96019
616.8	0.96117
617.0	0.963
617.2	0.9621
617.4	0.96011
617.6	0.95843
617.8	0.95734
618.0	0.95809
618.2	0.96037
618.4	0.96044
618.6	0.96009
618.8	0.95964
619.0	0.96087
619.2	0.9601
619.4	0.95861
619.6	0.95807
619.8	0.95901
620.0	0.95985
620.2	0.96171
620.4	0.9622
620.6	0.96269
620.8	0.96263
621.0	0.96291
621.2	0.96351
621.4	0.9627
621.6	0.96467
621.8	0.96355
622.0	0.96251
622.2	0.96043
622.4	0.96273
622.6	0.96544
622.8	0.96674
623.0	0.96479
623.2	0.96301
623.4	0.96281
623.6	0.96332
623.8	0.96394
624.0	0.96341
624.2	0.96161
624.4	0.9634
624.6	0.96305
624.8	0.96308
625.0	0.96105
625.2	0.96026
625.4	0.96076
625.6	0.96411
625.8	0.96464
626.0	0.96302
626.2	0.96345
626.4	0.96301
626.6	0.96335
626.8	0.96302
627.0	0.9665
627.2	0.96785
627.4	0.96807
627.6	0.9684
627.8	0.96644
628.0	0.96677
628.2	0.96772
628.4	0.96822
628.6	0.96797
628.8	0.96796
629.0	0.96878
629.2	0.9688
629.4	0.96806
629.6	0.96881
629.8	0.96847
630.0	0.96959
630.2	0.97093
630.4	0.97013
630.6	0.96898
630.8	0.96759
631.0	0.96842
631.2	0.96539
631.4	0.9651
631.6	0.96809
631.8	0.96957
632.0	0.97122
632.2	0.96865
632.4	0.96578
632.6	0.96526
632.8	0.96402
633.0	0.96331
633.2	0.96333
633.4	0.96329
633.6	0.96207
633.8	0.96312
634.0	0.96355
634.2	0.96469
634.4	0.96019
634.6	0.96036
634.8	0.96084
635.0	0.96233
635.2	0.96134
635.4	0.96134
635.6	0.96246
635.8	0.96246
636.0	0.96107
636.2	0.96123
636.4	0.96204
636.6	0.96193
636.8	0.95918
637.0	0.96
637.2	0.95926
637.4	0.95802
637.6	0.96031
637.8	0.96333
638.0	0.96248
638.2	0.96238
638.4	0.96048
638.6	0.95909
638.8	0.95983
639.0	0.96018
639.2	0.96054
639.4	0.96102
639.6	0.96132
639.8	0.96097
640.0	0.96234
640.2	0.96175
640.4	0.96111
640.6	0.96344
640.8	0.96341
641.0	0.96556
641.2	0.96513
641.4	0.96503
641.6	0.96225
641.8	0.96352
642.0	0.96251
642.2	0.96218
642.4	0.96133
642.6	0.96221
642.8	0.96439
643.0	0.96354
643.2	0.96276
643.4	0.96301
643.6	0.96364
643.8	0.96208
644.0	0.96146
644.2	0.96516
644.4	0.96491
644.6	0.96302
644.8	0.96304
645.0	0.96409
645.2	0.96378
645.4	0.96377
645.6	0.96461
645.8	0.96647
646.0	0.96628
646.2	0.96639
646.4	0.9656
646.6	0.96668
646.8	0.96775
647.0	0.9679
647.2	0.96906
647.4	0.96884
647.6	0.96953
647.8	0.96784
648.0	0.96833
648.2	0.9666
648.4	0.96676
648.6	0.96759
648.8	0.96692
649.0	0.968
649.2	0.96892
649.4	0.96728
649.6	0.96553
649.8	0.96648
650.0	0.96756
650.2	0.96796
650.4	0.96552
650.6	0.96677
650.8	0.96636
651.0	0.96388
651.2	0.96395
651.4	0.96431
651.6	0.96654
651.8	0.96666
652.0	0.96804
652.2	0.96913
652.4	0.96854
652.6	0.96856
652.8	0.96682
653.0	0.9674
653.2	0.96723
653.4	0.96808
653.6	0.96994
653.8	0.97081
654.0	0.97011
654.2	0.97156
654.4	0.97279
654.6	0.97213
654.8	0.9718
655.0	0.97074
655.2	0.97122
655.4	0.9725
655.6	0.97273
655.8	0.97545
656.0	0.97606
656.2	0.97586
656.4	0.97382
656.6	0.97215
656.8	0.97202
657.0	0.97348
657.2	0.97462
657.4	0.97451
657.6	0.9739
657.8	0.97258
658.0	0.97175
658.2	0.97223
658.4	0.97086
658.6	0.97225
658.8	0.97334
659.0	0.97469
659.2	0.97507
659.4	0.97276
659.6	0.96986
659.8	0.96959
660.0	0.96943
660.2	0.96842
660.4	0.96631
660.6	0.9652
660.8	0.96419
661.0	0.96672
661.2	0.96867
661.4	0.96731
661.6	0.96461
661.8	0.96481
662.0	0.96428
662.2	0.96427
662.4	0.96193
662.6	0.96212
662.8	0.96183
663.0	0.96006
663.2	0.95754
663.4	0.95751
663.6	0.959
663.8	0.96053
664.0	0.96049
664.2	0.96198
664.4	0.96307
664.6	0.96221
664.8	0.96296
665.0	0.96306
665.2	0.96175
665.4	0.96023
665.6	0.96043
665.8	0.96167
666.0	0.96408
666.2	0.96325
666.4	0.96512
666.6	0.96564
666.8	0.96467
667.0	0.96446
667.2	0.96601
667.4	0.96575
667.6	0.96666
667.8	0.96827
668.0	0.97149
668.2	0.97172
668.4	0.97048
668.6	0.96885
668.8	0.96863
669.0	0.96873
669.2	0.97227
669.4	0.97156
669.6	0.97253
669.8	0.97687
670.0	0.9775
670.2	0.97795
670.4	0.9788
670.6	0.97973
670.8	0.97944
671.0	0.97763
671.2	0.97733
671.4	0.97604
671.6	0.97421
671.8	0.97464
672.0	0.97597
672.2	0.97667
672.4	0.97671
672.6	0.97504
672.8	0.97513
673.0	0.97654
673.2	0.97523
673.4	0.97185
673.6	0.97047
673.8	0.97144
674.0	0.97218
674.2	0.96951
674.4	0.96707
674.6	0.96558
674.8	0.96626
675.0	0.96501
675.2	0.96338
675.4	0.96442
675.6	0.96421
675.8	0.96188
676.0	0.96069
676.2	0.95931
676.4	0.9621
676.6	0.9641
676.8	0.96374
677.0	0.96117
677.2	0.95889
677.4	0.95827
677.6	0.95906
677.8	0.95978
678.0	0.96199
678.2	0.9628
678.4	0.96235
678.6	0.96095
678.8	0.95962
679.0	0.95981
679.2	0.9586
679.4	0.95786
679.6	0.95936
679.8	0.96329
680.0	0.9635
680.2	0.96318
680.4	0.96483
680.6	0.96794
680.8	0.96658
681.0	0.96447
681.2	0.9619
681.4	0.95949
681.6	0.95812
681.8	0.9619
682.0	0.96419
682.2	0.96472
682.4	0.96341
682.6	0.96377
682.8	0.96635
683.0	0.96584
683.2	0.96594
683.4	0.96528
683.6	0.96635
683.8	0.96614
684.0	0.96537
684.2	0.96743
684.4	0.96906
684.6	0.96859
684.8	0.96798
685.0	0.96522
685.2	0.96715
685.4	0.96952
685.6	0.97041
685.8	0.96892
686.0	0.96688
686.2	0.96764
686.4	0.96758
686.6	0.96584
686.8	0.96564
687.0	0.96736
687.2	0.97133
687.4	0.97189
687.6	0.97073
687.8	0.96965
688.0	0.96875
688.2	0.96777
688.4	0.97027
688.6	0.96979
688.8	0.9715
689.0	0.97427
689.2	0.97394
689.4	0.9754
689.6	0.97429
689.8	0.97427
690.0	0.97401
690.2	0.97597
690.4	0.978
690.6	0.98154
690.8	0.98195
691.0	0.97671
691.2	0.97619
691.4	0.97862
691.6	0.97765
691.8	0.9751
692.0	0.97535
692.2	0.9759
692.4	0.97482
692.6	0.97329
692.8	0.97145
693.0	0.97012
693.2	0.9687
693.4	0.96938
693.6	0.97054
693.8	0.97148
694.0	0.9727
694.2	0.97154
694.4	0.97315
694.6	0.97234
694.8	0.97047
695.0	0.97098
695.2	0.9729
695.4	0.97353
695.6	0.97207
695.8	0.97275
696.0	0.96969
696.2	0.96915
696.4	0.96958
696.6	0.96863
696.8	0.96782
697.0	0.96307
697.2	0.9645
697.4	0.96653
697.6	0.96591
697.8	0.96502
698.0	0.96464
698.2	0.96302
698.4	0.96136
698.6	0.9638
698.8	0.96518
699.0	0.96584
699.2	0.96519
699.4	0.96709
699.6	0.96791
699.8	0.96996
700.0	0.97105
700.2	0.97221
700.4	0.97455
700.6	0.97457
700.8	0.97462
701.0	0.97457
701.2	0.97851
701.4	0.97917
701.6	0.9778
701.8	0.97865
702.0	0.98043
702.2	0.98014
702.4	0.9787
702.6	0.97701
702.8	0.97636
703.0	0.97698
703.2	0.97669
703.4	0.97687
703.6	0.97877
703.8	0.97986
704.0	0.9806
704.2	0.98003
704.4	0.98024
704.6	0.98135
704.8	0.9817
705.0	0.98049
705.2	0.97822
705.4	0.97736
705.6	0.98126
705.8	0.98237
706.0	0.98063
706.2	0.97742
706.4	0.97857
706.6	0.98077
706.8	0.98004
707.0	0.97901
707.2	0.97941
707.4	0.97897
707.6	0.97792
707.8	0.97793
708.0	0.97821
708.2	0.97746
708.4	0.97593
708.6	0.97801
708.8	0.9785
709.0	0.97801
709.2	0.97998
709.4	0.9789
709.6	0.97928
709.8	0.97864
710.0	0.97917
710.2	0.97809
710.4	0.97839
710.6	0.97882
710.8	0.97906
711.0	0.97932
711.2	0.98128
711.4	0.98175
711.6	0.97899
711.8	0.97495
712.0	0.973
712.2	0.97338
712.4	0.97249
712.6	0.9727
712.8	0.97103
713.0	0.97133
713.2	0.97148
713.4	0.97371
713.6	0.97268
713.8	0.97076
714.0	0.97222
714.2	0.97157
714.4	0.97032
714.6	0.96911
714.8	0.971
715.0	0.97037
715.2	0.96685
715.4	0.96579
715.6	0.96723
715.8	0.9678
716.0	0.96636
716.2	0.9648
716.4	0.96488
716.6	0.96631
716.8	0.96926
717.0	0.97007
717.2	0.97011
717.4	0.9718
717.6	0.97255
717.8	0.96941
718.0	0.96799
718.2	0.96709
718.4	0.96843
718.6	0.96912
718.8	0.9703
719.0	0.9672
719.2	0.96513
719.4	0.96418
719.6	0.9647
719.8	0.96633
720.0	0.96577
720.2	0.9661
720.4	0.9671
720.6	0.96878
720.8	0.97003
721.0	0.97068
721.2	0.97114
721.4	0.97013
721.6	0.96942
721.8	0.97001
722.0	0.97097
722.2	0.97104
722.4	0.971
722.6	0.97106
722.8	0.9711
723.0	0.97333
723.2	0.97346
723.4	0.97377
723.6	0.97303
723.8	0.97314
724.0	0.97249
724.2	0.97373
724.4	0.97268
724.6	0.97317
724.8	0.97362
725.0	0.97304
725.2	0.972
725.4	0.97494
725.6	0.97657
725.8	0.97628
726.0	0.97776
726.2	0.97864
726.4	0.97759
726.6	0.97661
726.8	0.97758
727.0	0.976
727.2	0.97452
727.4	0.97508
727.6	0.97616
727.8	0.97467
728.0	0.97288
728.2	0.97537
728.4	0.97445
728.6	0.97636
728.8	0.97759
729.0	0.97615
729.2	0.97464
729.4	0.974
729.6	0.97582
729.8	0.97659
730.0	0.9772
730.2	0.97862
730.4	0.97888
730.6	0.9782
730.8	0.97725
731.0	0.97592
731.2	0.97574
731.4	0.97515
731.6	0.97359
731.8	0.97255
732.0	0.97671
732.2	0.97886
732.4	0.97962
732.6	0.98107
732.8	0.97954
733.0	0.98091
733.2	0.9828
733.4	0.9826
733.6	0.98007
733.8	0.97848
734.0	0.97875
734.2	0.98219
734.4	0.98462
734.6	0.98367
734.8	0.98422
735.0	0.9824
735.2	0.97893
735.4	0.9781
735.6	0.97402
735.8	0.97483
736.0	0.97546
736.2	0.9743
736.4	0.97515
736.6	0.97496
736.8	0.97764
737.0	0.97745
737.2	0.97483
737.4	0.97348
737.6	0.97436
737.8	0.97145
738.0	0.96789
738.2	0.96649
738.4	0.96843
738.6	0.96804
738.8	0.96665
739.0	0.96573
739.2	0.96707
739.4	0.96671
739.6	0.9655
739.8	0.96359
740.0	0.96207
740.2	0.96237
740.4	0.96222
740.6	0.96046
740.8	0.95966
741.0	0.95894
741.2	0.9617
741.4	0.96066
741.6	0.95982
741.8	0.96012
742.0	0.95882
742.2	0.9601
742.4	0.95988
742.6	0.95876
742.8	0.95583
743.0	0.95452
743.2	0.95339
743.4	0.95476
743.6	0.95578
743.8	0.95715
744.0	0.95613
744.2	0.95402
744.4	0.95315
744.6	0.95315
744.8	0.95328
745.0	0.95408
745.2	0.95495
745.4	0.95472
745.6	0.95564
745.8	0.95556
746.0	0.9534
746.2	0.95303
746.4	0.95602
746.6	0.95683
746.8	0.95556
747.0	0.95429
747.2	0.95372
747.4	0.95497
747.6	0.95606
747.8	0.95565
748.0	0.95797
748.2	0.95822
748.4	0.96043
748.6	0.9596
748.8	0.96081
749.0	0.96019
749.2	0.95925
749.4	0.9592
749.6	0.95884
749.8	0.96114
750.0	0.96185
750.2	0.96426
750.4	0.96296
750.6	0.96059
750.8	0.96069
751.0	0.95731
751.2	0.95278
751.4	0.9502
751.6	0.94974
751.8	0.94931
752.0	0.94719
752.2	0.94654
752.4	0.94365
752.6	0.93925
752.8	0.9336
753.0	0.93164
753.2	0.92827
753.4	0.92309
753.6	0.92037
753.8	0.91617
754.0	0.9125
754.2	0.90946
754.4	0.90315
754.6	0.89913
754.8	0.89528
755.0	0.89128
755.2	0.88706
755.4	0.88496
755.6	0.88286
755.8	0.88182
756.0	0.88056
756.2	0.87728
756.4	0.87303
756.6	0.87147
756.8	0.87135
757.0	0.87032
757.2	0.87179
757.4	0.87232
757.6	0.87216
757.8	0.87492
758.0	0.87973
758.2	0.88202
758.4	0.88547
758.6	0.89016
758.8	0.89149
759.0	0.89225
759.2	0.89493
759.4	0.89868
759.6	0.90334
759.8	0.91043
760.0	0.91654
760.2	0.92052
760.4	0.92436
760.6	0.9307
760.8	0.93526
761.0	0.93366
761.2	0.93097
761.4	0.93038
761.6	0.9311
761.8	0.93211
762.0	0.93233
762.2	0.93159
762.4	0.93144
762.6	0.92952
762.8	0.92587
763.0	0.92468
763.2	0.9209
763.4	0.91453
763.6	0.90695
763.8	0.90082
764.0	0.89602
764.2	0.89143
764.4	0.88679
764.6	0.88258
764.8	0.8789
765.0	0.87345
765.2	0.8681
765.4	0.86727
765.6	0.86538
765.8	0.864
766.0	0.86417
766.2	0.86434
766.4	0.86444
766.6	0.86563
766.8	0.86409
767.0	0.86549
767.2	0.86866
767.4	0.87316
767.6	0.87922
767.8	0.88598
768.0	0.8885
768.2	0.89283
768.4	0.89824
768.6	0.90122
768.8	0.90342
769.0	0.90697
769.2	0.90688
769.4	0.9073
769.6	0.90989
769.8	0.91036
770.0	0.90863
770.2	0.9101
770.4	0.90896
770.6	0.90683
770.8	0.90621
771.0	0.90482
771.2	0.90324
771.4	0.90157
771.6	0.89748
771.8	0.89403
772.0	0.89051
772.2	0.88828
772.4	0.88825
772.6	0.88593
772.8	0.88201
773.0	0.87899
773.2	0.87376
773.4	0.86589
773.6	0.85694
773.8	0.84658
774.0	0.83787
774.2	0.82752
774.4	0.81801
774.6	0.80535
774.8	0.79483
775.0	0.78322
775.2	0.76992
775.4	0.75579
775.6	0.73872
775.8	0.72241
776.0	0.70706
776.2	0.69213
776.4	0.67557
776.6	0.65936
776.8	0.64281
777.0	0.62485
777.2	0.6083
777.4	0.59377
777.6	0.57834
777.8	0.56439
778.0	0.55105
778.2	0.54014
778.4	0.53214
778.6	0.5252
778.8	0.51809
779.0	0.51195
779.2	0.50765
779.4	0.50428
779.6	0.50084
779.8	0.49884
780.0	0.49696
780.2	0.49508
780.4	0.49521
780.6	0.49491
780.8	0.49422
781.0	0.49473
781.2	0.4948
781.4	0.49419
781.6	0.49508
781.8	0.49531
782.0	0.4945
782.2	0.49478
782.4	0.49224
782.6	0.48753
782.8	0.48411
783.0	0.47836
783.2	0.47167
783.4	0.46632
783.6	0.45967
783.8	0.45163
784.0	0.44455
784.2	0.43813
784.4	0.43044
784.6	0.423
784.8	0.41546
785.0	0.41027
785.2	0.40334
785.4	0.39657
785.6	0.38997
785.8	0.38349
786.0	0.37539
786.2	0.36766
786.4	0.36211
786.6	0.3577
786.8	0.35308
787.0	0.3485
787.2	0.3448
787.4	0.33978
787.6	0.33467
787.8	0.3324
788.0	0.33114
788.2	0.32969
788.4	0.33023
788.6	0.33227
788.8	0.33577
789.0	0.33861
789.2	0.34201
789.4	0.34497
789.6	0.3484
789.8	0.35476
790.0	0.36024
790.2	0.36677
790.4	0.37237
790.6	0.37885
790.8	0.38501
791.0	0.39099
791.2	0.39682
791.4	0.40172
791.6	0.40489
791.8	0.40612
792.0	0.40936
792.2	0.4137
792.4	0.41853
792.6	0.42123
792.8	0.42179
793.0	0.42082
793.2	0.41965
793.4	0.41793
793.6	0.41593
793.8	0.41311
794.0	0.409
794.2	0.4051
794.4	0.40229
794.6	0.39865
794.8	0.39292
795.0	0.39649
795.2	0.39356
795.4	0.38916
795.6	0.38732
795.8	0.3836
796.0	0.37795
796.2	0.37443
796.4	0.37358
796.6	0.37154
796.8	0.37117
797.0	0.37253
797.2	0.37389
797.4	0.37474
797.6	0.37641
797.8	0.37826
798.0	0.38077
798.2	0.38333
798.4	0.38846
798.6	0.39342
798.8	0.39846
799.0	0.4027
799.2	0.40562
799.4	0.40863
799.6	0.41152
799.8	0.41033
800.0	0.40987
800.2	0.40681
800.4	0.40327
800.6	0.39719
800.8	0.38897
801.0	0.38162
801.2	0.37255
801.4	0.36283
801.6	0.35158
801.8	0.33833
802.0	0.32461
802.2	0.30938
802.4	0.29472
802.6	0.28046
802.8	0.26558
803.0	0.25285
803.2	0.24002
803.4	0.2284
803.6	0.2175
803.8	0.20734
804.0	0.19853
804.2	0.19037
804.4	0.18294
804.6	0.17791
804.8	0.17403
805.0	0.16977
805.2	0.16694
805.4	0.16579
805.6	0.16637
805.8	0.16848
806.0	0.17015
806.2	0.17212
806.4	0.17455
806.6	0.17736
806.8	0.18058
807.0	0.18294
807.2	0.18544
807.4	0.18721
807.6	0.18835
807.8	0.18911
808.0	0.18832
808.2	0.18681
808.4	0.18484
808.6	0.18086
808.8	0.17579
809.0	0.17047
809.2	0.16511
809.4	0.15894
809.6	0.15281
809.8	0.14693
810.0	0.14082
810.2	0.13535
810.4	0.13145
810.6	0.12885
810.8	0.12696
811.0	0.12623
811.2	0.12532
811.4	0.12464
811.6	0.12276
811.8	0.12101
812.0	0.11875
812.2	0.11552
812.4	0.11132
812.6	0.10682
812.8	0.10087
813.0	0.09551
813.2	0.08962
813.4	0.08348
813.6	0.07709
813.8	0.07018
814.0	0.06244
814.2	0.05398
814.4	0.0449
814.6	0.03595
814.8	0.02776
815.0	0.02077
815.2	0.01502
815.4	0.01057
815.6	0.00737
815.8	0.00514
816.0	0.00363
816.2	0.00261
816.4	0.00194
816.6	0.00153
816.8	0.00125
817.0	0.00107
817.2	9.4398e-04
817.4	8.447e-04
817.6	7.6987e-04
817.8	7.1432e-04
818.0	6.82e-04
818.2	6.3946e-04
818.4	6.0367e-04
818.6	5.8847e-04
818.8	5.7783e-04
819.0	5.5738e-04
819.2	5.2894e-04
819.4	5.2199e-04
819.6	5.0455e-04
819.8	5.1431e-04
820.0	5.0006e-04
820.2	4.9259e-04
820.4	4.6832e-04
820.6	4.6925e-04
820.8	4.6059e-04
821.0	4.571e-04
821.2	4.4429e-04
821.4	4.3982e-04
821.6	4.4129e-04
821.8	4.1844e-04
822.0	4.2724e-04
822.2	4.2636e-04
822.4	4.088e-04
822.6	4.121e-04
822.8	4.0953e-04
823.0	3.9659e-04
823.2	3.7492e-04
823.4	3.8032e-04
823.6	3.664e-04
823.8	3.6462e-04
824.0	3.5146e-04
824.2	3.4792e-04
824.4	3.4204e-04
824.6	3.3555e-04
824.8	3.4355e-04
825.0	3.239e-04
825.2	3.2606e-04
825.4	3.187e-04
825.6	3.1007e-04
825.8	3.1254e-04
826.0	3.1283e-04
826.2	2.9994e-04
826.4	3.0407e-04
826.6	2.9091e-04
826.8	2.8453e-04
827.0	2.7786e-04
827.2	2.8633e-04
827.4	2.6057e-04
827.6	2.6978e-04
827.8	2.6272e-04
828.0	2.5809e-04
828.2	2.5742e-04
828.4	2.5729e-04
828.6	2.6021e-04
828.8	2.5007e-04
829.0	2.3553e-04
829.2	2.4108e-04
829.4	2.4236e-04
829.6	2.2257e-04
829.8	2.1859e-04
830.0	2.2423e-04
830.2	2.2769e-04
830.4	2.2025e-04
830.6	2.2091e-04
830.8	2.0482e-04
831.0	2.0494e-04
831.2	2.0733e-04
831.4	2.086e-04
831.6	2.0259e-04
831.8	2.0467e-04
832.0	1.9757e-04
832.2	2.0173e-04
832.4	1.8592e-04
832.6	1.9289e-04
832.8	1.8762e-04
833.0	1.7712e-04
833.2	1.7225e-04
833.4	1.6955e-04
833.6	1.6963e-04
833.8	1.6934e-04
834.0	1.7195e-04
834.2	1.6954e-04
834.4	1.6866e-04
834.6	1.6236e-04
834.8	1.5868e-04
835.0	1.5087e-04
835.2	1.5396e-04
835.4	1.3572e-04
835.6	1.4545e-04
835.8	1.4126e-04
836.0	1.4416e-04
836.2	1.2904e-04
836.4	1.3797e-04
836.6	1.2949e-04
836.8	1.3432e-04
837.0	1.3037e-04
837.2	1.3139e-04
837.4	1.2664e-04
837.6	1.1755e-04
837.8	1.2075e-04
838.0	1.1738e-04
838.2	1.1412e-04
838.4	1.0721e-04
838.6	1.0645e-04
838.8	1.1387e-04
839.0	1.0609e-04
839.2	1.0599e-04
839.4	1.0123e-04
839.6	9.7618e-05
839.8	1.0153e-04
840.0	9.5613e-05
840.2	9.9467e-05
840.4	1.0614e-04
840.6	9.7703e-05
840.8	8.7749e-05
841.0	9.0134e-05
841.2	9.1112e-05
841.4	8.615e-05
841.6	8.5699e-05
841.8	8.6912e-05
842.0	8.4104e-05
842.2	7.7989e-05
842.4	6.7044e-05
842.6	9.0937e-05
842.8	8.505e-05
843.0	8.1507e-05
843.2	7.9858e-05
843.4	9.1757e-05
843.6	7.1136e-05
843.8	7.4396e-05
844.0	7.1449e-05
844.2	7.5155e-05
844.4	6.892e-05
844.6	7.3452e-05
844.8	7.0314e-05
845.0	6.5046e-05
845.2	7.3123e-05
845.4	7.7328e-05
845.6	7.1742e-05
845.8	8.1859e-05
846.0	7.0041e-05
846.2	6.9635e-05
846.4	6.3755e-05
846.6	7.8618e-05
846.8	6.8397e-05
847.0	6.1822e-05
847.2	6.9624e-05
847.4	6.904e-05
847.6	7.7239e-05
847.8	6.8285e-05
848.0	6.4003e-05
848.2	7.0557e-05
848.4	6.6143e-05
848.6	5.4984e-05
848.8	6.5711e-05
849.0	6.5319e-05
849.2	7.2573e-05
849.4	5.3768e-05
849.6	7.335e-05
849.8	6.5823e-05
850.0	6.1499e-05
850.2	6.4509e-05
850.4	6.5822e-05
850.6	7.1985e-05
850.8	5.8658e-05
851.0	6.7418e-05
851.2	6.5301e-05
851.4	7.6072e-05
851.6	6.3897e-05
851.8	6.1372e-05
852.0	6.923e-05
852.2	7.1691e-05
852.4	5.6718e-05
852.6	6.0848e-05
852.8	5.1723e-05
853.0	5.4374e-05
853.2	6.316e-05
853.4	4.9988e-05
853.6	7.0031e-05
853.8	6.3511e-05
854.0	6.0949e-05
854.2	6.5916e-05
854.4	4.8442e-05
854.6	4.8131e-05
854.8	5.6287e-05
855.0	5.3758e-05
855.2	6.1285e-05
855.4	5.5114e-05
855.6	6.0955e-05
855.8	6.2355e-05
856.0	6.5843e-05
856.2	6.0839e-05
856.4	5.7207e-05
856.6	5.629e-05
856.8	5.3551e-05
857.0	5.7098e-05
857.2	6.0477e-05
857.4	6.3833e-05
857.6	5.6951e-05
857.8	5.4895e-05
858.0	6.0755e-05
858.2	5.8807e-05
858.4	6.6835e-05
858.6	5.5894e-05
858.8	5.1109e-05
859.0	5.3754e-05
859.2	5.8189e-05
859.4	4.8046e-05
859.6	5.1774e-05
859.8	4.9409e-05
860.0	5.5483e-05
860.2	5.2866e-05
860.4	5.8481e-05
860.6	4.4872e-05
860.8	4.9705e-05
861.0	4.912e-05
861.2	5.7591e-05
861.4	4.8001e-05
861.6	5.773e-05
861.8	5.297e-05
862.0	5.341e-05
862.2	5.4788e-05
862.4	4.9601e-05
862.6	5.0252e-05
862.8	5.9585e-05
863.0	5.2427e-05
863.2	4.6554e-05
863.4	4.9467e-05
863.6	3.3308e-05
863.8	5.0087e-05
864.0	5.1694e-05
864.2	5.1448e-05
864.4	5.3527e-05
864.6	4.125e-05
864.8	5.2908e-05
865.0	4.7926e-05
865.2	4.7748e-05
865.4	5.2759e-05
865.6	5.1319e-05
865.8	4.7975e-05
866.0	5.2555e-05
866.2	5.302e-05
866.4	4.4771e-05
866.6	4.9737e-05
866.8	5.4885e-05
867.0	4.8044e-05
867.2	3.9731e-05
867.4	5.3225e-05
867.6	4.8733e-05
867.8	4.7476e-05
868.0	4.6081e-05
868.2	5.1248e-05
868.4	4.9677e-05
868.6	4.8154e-05
868.8	4.6677e-05
869.0	4.515e-05
869.2	4.317e-05
869.4	4.1277e-05
869.6	3.9467e-05
869.8	3.7701e-05
870.0	3.5226e-05
870.2	3.2914e-05
870.4	3.0753e-05
870.6	2.8735e-05
870.8	2.6888e-05
871.0	2.5164e-05
871.2	2.355e-05
871.4	2.2039e-05
871.6	2.0468e-05
871.8	1.8976e-05
872.0	1.7593e-05
872.2	1.631e-05
872.4	1.5489e-05
872.6	1.4858e-05
872.8	1.4253e-05
873.0	1.3673e-05
873.2	1.3014e-05
873.4	1.232e-05
873.6	1.1664e-05
873.8	1.1042e-05
874.0	1.0355e-05
874.2	9.6123e-06
874.4	8.9228e-06
874.6	8.2827e-06
874.8	7.5842e-06
875.0	6.7847e-06
875.2	6.0695e-06
875.4	5.4297e-06
875.6	4.8811e-06
875.8	4.4495e-06
876.0	4.0561e-06
876.2	3.6974e-06
876.4	3.2851e-06
876.6	2.5237e-06
876.8	1.9388e-06
877.0	1.4894e-06
877.2	1.1578e-06
877.4	1.1554e-06
877.6	1.1531e-06
877.8	1.1508e-06
878.0	1.1484e-06
878.2	1.1184e-06
878.4	1.0874e-06
878.6	1.0571e-06
878.8	1.0278e-06
879.0	9.6827e-07
879.2	9.0615e-07
879.4	8.4801e-07
879.6	7.936e-07
879.8	7.1254e-07
880.0	6.2953e-07
880.2	5.5619e-07
880.4	4.9139e-07
880.6	2.9902e-07
880.8	1.4408e-07
881.0	6.9425e-08
881.2	3.3452e-08
881.4	3.6429e-08
881.6	8.8223e-08
881.8	2.1366e-07
882.0	5.1743e-07
882.2	7.921e-07
882.4	6.094e-07
882.6	4.6885e-07
882.8	3.6071e-07
883.0	3.0418e-07
883.2	3.194e-07
883.4	3.3537e-07
883.6	3.5215e-07
883.8	3.8255e-07
884.0	4.8036e-07
884.2	6.0317e-07
884.4	7.5739e-07
884.6	9.2916e-07
884.8	8.8723e-07
885.0	8.472e-07
885.2	8.0898e-07
885.4	7.7248e-07
885.6	7.4813e-07
885.8	7.2475e-07
886.0	7.0211e-07
886.2	6.8017e-07
886.4	6.8139e-07
886.6	6.8575e-07
886.8	6.9013e-07
887.0	6.9453e-07
887.2	6.9484e-07
887.4	6.9396e-07
887.6	6.9307e-07
887.8	6.9219e-07
888.0	5.122e-07
888.2	3.2806e-07
888.4	2.1011e-07
888.6	1.3457e-07
888.8	1.3467e-07
889.0	1.887e-07
889.2	2.644e-07
889.4	3.7048e-07
889.6	4.6705e-07
889.8	5.2262e-07
890.0	5.8479e-07
890.2	6.5437e-07
890.4	7.0956e-07
890.6	7.2929e-07
890.8	7.4957e-07
891.0	7.7041e-07
891.2	7.3105e-07
891.4	5.5896e-07
891.6	4.2738e-07
891.8	3.2678e-07
892.0	2.7336e-07
892.2	3.5473e-07
892.4	4.6032e-07
892.6	5.9733e-07
892.8	7.5383e-07
893.0	6.5696e-07
893.2	5.7254e-07
893.4	4.9897e-07
893.6	4.3485e-07
893.8	5.0703e-07
894.0	5.9654e-07
894.2	7.0185e-07
894.4	8.2574e-07
894.6	8.3871e-07
894.8	8.3337e-07
895.0	8.2807e-07
895.2	8.228e-07
895.4	8.213e-07
895.6	8.209e-07
895.8	8.2049e-07
896.0	8.2009e-07
896.2	7.8358e-07
896.4	7.3264e-07
896.6	6.8501e-07
896.8	6.4047e-07
897.0	5.8583e-07
897.2	5.2739e-07
897.4	4.7479e-07
897.6	4.2743e-07
897.8	4.4133e-07
898.0	5.2862e-07
898.2	6.3318e-07
898.4	7.5843e-07
898.6	7.8571e-07
898.8	6.4552e-07
899.0	5.3035e-07
899.2	4.3573e-07
899.4	3.9108e-07
899.6	4.3587e-07
899.8	4.8578e-07
900.0	5.414e-07
900.2	5.6949e-07
900.4	4.7182e-07
900.6	3.909e-07
900.8	3.2386e-07
901.0	2.5681e-07
901.2	1.3727e-07
901.4	7.3369e-08
901.6	3.9216e-08
901.8	2.1093e-08
902.0	3.9437e-08
902.2	7.3736e-08
902.4	1.3786e-07
902.6	2.5777e-07
902.8	2.0903e-07
903.0	1.5685e-07
903.2	1.1769e-07
903.4	8.8314e-08
903.6	1.1332e-07
903.8	1.6358e-07
904.0	2.3614e-07
904.2	3.4087e-07
904.4	4.3401e-07
904.6	5.2691e-07
904.8	6.397e-07
905.0	7.7663e-07
905.2	7.3692e-07
905.4	6.0688e-07
905.6	4.9979e-07
905.8	4.116e-07
906.0	4.0352e-07
906.2	4.5758e-07
906.4	5.1889e-07
906.6	5.884e-07
906.8	6.3054e-07
907.0	6.3054e-07
907.2	6.3055e-07
907.4	6.3056e-07
907.6	6.7409e-07
907.8	8.1141e-07
908.0	9.7671e-07
908.2	1.1757e-06
908.4	1.2683e-06
908.6	1.0172e-06
908.8	8.1585e-07
909.0	6.5435e-07
909.2	5.4865e-07
909.4	5.6316e-07
909.6	5.7805e-07
909.8	5.9333e-07
910.0	6.1053e-07
910.2	6.4324e-07
910.4	6.7769e-07
910.6	7.14e-07
910.8	7.5188e-07
911.0	7.1861e-07
911.2	6.8682e-07
911.4	6.5644e-07
911.6	6.274e-07
911.8	4.5112e-07
912.0	3.159e-07
912.2	2.2122e-07
912.4	1.5491e-07
912.6	1.9452e-07
912.8	2.7531e-07
913.0	3.8963e-07
913.2	5.5144e-07
913.4	6.3985e-07
913.6	6.9239e-07
913.8	7.4925e-07
914.0	8.1077e-07
914.2	8.4059e-07
914.4	8.5207e-07
914.6	8.6371e-07
914.8	8.7551e-07
915.0	9.2852e-07
915.2	1.0189e-06
915.4	1.1181e-06
915.6	1.2269e-06
915.8	1.3575e-06
916.0	1.5154e-06
916.2	1.6917e-06
916.4	1.8886e-06
916.6	2.0902e-06
916.8	2.2831e-06
917.0	2.4938e-06
917.2	2.724e-06
917.4	2.9766e-06
917.6	3.2558e-06
917.8	3.5611e-06
918.0	3.8951e-06
918.2	4.2039e-06
918.4	4.333e-06
918.6	4.466e-06
918.8	4.6032e-06
919.0	4.7489e-06
919.2	4.926e-06
919.4	5.1096e-06
919.6	5.3e-06
919.8	5.4914e-06
920.0	5.5897e-06
920.2	5.6897e-06
920.4	5.7916e-06
920.6	5.8953e-06
920.8	5.8165e-06
921.0	5.7341e-06
921.2	5.6529e-06
921.4	5.5729e-06
921.6	5.8099e-06
921.8	6.0968e-06
922.0	6.3979e-06
922.2	6.7138e-06
922.4	6.7885e-06
922.6	6.8064e-06
922.8	6.8244e-06
923.0	6.8424e-06
923.2	7.0837e-06
923.4	7.4208e-06
923.6	7.774e-06
923.8	8.1439e-06
924.0	8.388e-06
924.2	8.5607e-06
924.4	8.737e-06
924.6	8.917e-06
924.8	9.216e-06
925.0	9.6161e-06
925.2	1.0034e-05
925.4	1.0469e-05
925.6	1.0833e-05
925.8	1.1113e-05
926.0	1.14e-05
926.2	1.1694e-05
926.4	1.1941e-05
926.6	1.2112e-05
926.8	1.2285e-05
927.0	1.246e-05
927.2	1.2596e-05
927.4	1.265e-05
927.6	1.2703e-05
927.8	1.2757e-05
928.0	1.2839e-05
928.2	1.3001e-05
928.4	1.3165e-05
928.6	1.3332e-05
928.8	1.3493e-05
929.0	1.3622e-05
929.2	1.3752e-05
929.4	1.3883e-05
929.6	1.401e-05
929.8	1.4096e-05
930.0	1.4183e-05
930.2	1.427e-05
930.4	1.4361e-05
930.6	1.462e-05
930.8	1.4883e-05
931.0	1.5151e-05
931.2	1.5424e-05
931.4	1.4831e-05
931.6	1.4212e-05
931.8	1.362e-05
932.0	1.3052e-05
932.2	7.4721e-06
932.4	8.545e-06
932.6	1.0493e-05
932.8	1.0524e-05
933.0	9.8735e-06
933.2	1.1646e-05
933.4	1.1906e-05
933.6	1.2099e-05
933.8	1.0547e-05
934.0	1.2047e-05
934.2	1.0574e-05
934.4	1.0925e-05
934.6	1.1715e-05
934.8	1.0629e-05
935.0	1.0265e-05
935.2	1.2996e-05
935.4	1.3283e-05
935.6	1.3621e-05
935.8	1.1762e-05
936.0	1.0356e-05
936.2	1.1218e-05
936.4	1.2426e-05
936.6	1.485e-05
936.8	1.3707e-05
937.0	1.3536e-05
937.2	1.4656e-05
937.4	1.4707e-05
937.6	1.3558e-05
937.8	1.6675e-05
938.0	1.4254e-05
938.2	1.7031e-05
938.4	1.7339e-05
938.6	1.6518e-05
938.8	1.869e-05
939.0	1.7447e-05
939.2	1.8321e-05
939.4	1.5918e-05
939.6	1.7791e-05
939.8	1.874e-05
940.0	1.9049e-05
940.2	1.9573e-05
940.4	2.04e-05
940.6	1.9996e-05
940.8	2.1659e-05
941.0	1.9506e-05
941.2	2.0635e-05
941.4	2.2015e-05
941.6	2.3711e-05
941.8	2.2933e-05
942.0	2.2866e-05
942.2	2.2833e-05
942.4	2.4729e-05
942.6	2.4165e-05
942.8	2.1738e-05
943.0	2.4866e-05
943.2	2.4523e-05
943.4	2.2958e-05
943.6	2.5296e-05
943.8	2.4401e-05
944.0	2.3872e-05
944.2	2.8365e-05
944.4	2.5736e-05
944.6	2.6089e-05
944.8	2.6446e-05
945.0	2.7252e-05
945.2	2.9729e-05
945.4	2.9238e-05
945.6	2.9672e-05
945.8	3.0084e-05
946.0	2.9297e-05
946.2	3.106e-05
946.4	3.5506e-05
946.6	3.0921e-05
946.8	3.3875e-05
947.0	3.648e-05
947.2	3.6029e-05
947.4	3.6738e-05
947.6	3.5951e-05
947.8	3.6321e-05
948.0	3.6522e-05
948.2	4.3523e-05
948.4	4.0205e-05
948.6	4.0727e-05
948.8	4.1961e-05
949.0	4.4538e-05
949.2	4.4614e-05
949.4	4.5669e-05
949.6	4.5063e-05
949.8	5.1152e-05
950.0	4.8214e-05
950.2	5.1425e-05
950.4	4.8582e-05
950.6	5.0641e-05
950.8	5.2537e-05
951.0	5.0767e-05
951.2	5.2336e-05
951.4	5.4375e-05
951.6	5.258e-05
951.8	5.5408e-05
952.0	5.445e-05
952.2	5.734e-05
952.4	5.9258e-05
952.6	5.455e-05
952.8	5.9032e-05
953.0	5.5279e-05
953.2	5.7704e-05
953.4	5.7061e-05
953.6	6.0169e-05
953.8	5.6699e-05
954.0	5.8006e-05
954.2	6.0928e-05
954.4	5.8236e-05
954.6	5.8493e-05
954.8	5.7319e-05
955.0	6.0008e-05
955.2	6.1387e-05
955.4	5.8296e-05
955.6	6.1868e-05
955.8	6.6158e-05
956.0	6.3819e-05
956.2	6.8411e-05
956.4	6.4172e-05
956.6	6.5805e-05
956.8	7.1632e-05
957.0	7.1952e-05
957.2	7.7493e-05
957.4	7.8032e-05
957.6	8.3386e-05
957.8	8.8962e-05
958.0	9.6991e-05
958.2	1.046e-04
958.4	1.0946e-04
958.6	1.2172e-04
958.8	1.3117e-04
959.0	1.4837e-04
959.2	1.6273e-04
959.4	1.9151e-04
959.6	2.2381e-04
959.8	2.7043e-04
960.0	3.5806e-04
960.2	4.914e-04
960.4	7.0428e-04
960.6	0.00102
960.8	0.00144
961.0	0.00189
961.2	0.00241
961.4	0.00306
961.6	0.00378
961.8	0.00465
962.0	0.00547
962.2	0.0063
962.4	0.0071
962.6	0.00781
962.8	0.00849
963.0	0.00903
963.2	0.00965
963.4	0.01015
963.6	0.01056
963.8	0.01097
964.0	0.01134
964.2	0.01171
964.4	0.01208
964.6	0.01239
964.8	0.0127
965.0	0.01286
965.2	0.01304
965.4	0.01315
965.6	0.01314
965.8	0.01324
966.0	0.01342
966.2	0.01351
966.4	0.01345
966.6	0.01339
966.8	0.01325
967.0	0.01311
967.2	0.01298
967.4	0.01288
967.6	0.01277
967.8	0.01264
968.0	0.01264
968.2	0.01254
968.4	0.01252
968.6	0.01271
968.8	0.01315
969.0	0.01389
969.2	0.01506
969.4	0.01683
969.6	0.01905
969.8	0.0218
970.0	0.02512
970.2	0.02886
970.4	0.03321
970.6	0.03785
970.8	0.0424
971.0	0.04671
971.2	0.0508
971.4	0.05513
971.6	0.0589
971.8	0.06212
972.0	0.06534
972.2	0.0679
972.4	0.07054
972.6	0.07303
972.8	0.07472
973.0	0.07613
973.2	0.07694
973.4	0.07828
973.6	0.07981
973.8	0.08093
974.0	0.08195
974.2	0.08232
974.4	0.08226
974.6	0.08209
974.8	0.0815
975.0	0.08097
975.2	0.0798
975.4	0.07884
975.6	0.07771
975.8	0.0757
976.0	0.07355
976.2	0.07146
976.4	0.06869
976.6	0.06504
976.8	0.06118
977.0	0.05736
977.2	0.05343
977.4	0.04943
977.6	0.04539
977.8	0.04149
978.0	0.03774
978.2	0.03415
978.4	0.03122
978.6	0.02904
978.8	0.02729
979.0	0.02575
979.2	0.02432
979.4	0.02352
979.6	0.02321
979.8	0.02317
980.0	0.02334
980.2	0.02379
980.4	0.02468
980.6	0.02582
980.8	0.02731
981.0	0.02921
981.2	0.03165
981.4	0.03415
981.6	0.03704
981.8	0.04074
982.0	0.04513
982.2	0.0503
982.4	0.05626
982.6	0.06338
982.8	0.07084
983.0	0.07872
983.2	0.08681
983.4	0.09547
983.6	0.10446
983.8	0.11351
984.0	0.12274
984.2	0.13251
984.4	0.14182
984.6	0.15096
984.8	0.15876
985.0	0.16596
985.2	0.17245
985.4	0.17896
985.6	0.18591
985.8	0.19241
986.0	0.19767
986.2	0.20207
986.4	0.20567
986.6	0.20932
986.8	0.21305
987.0	0.21547
987.2	0.21762
987.4	0.21855
987.6	0.21887
987.8	0.21837
988.0	0.21752
988.2	0.21643
988.4	0.21491
988.6	0.21258
988.8	0.20802
989.0	0.20306
989.2	0.19826
989.4	0.1928
989.6	0.18703
989.8	0.18055
990.0	0.17297
990.2	0.16588
990.4	0.15913
990.6	0.15207
990.8	0.14441
991.0	0.1366
991.2	0.12995
991.4	0.12391
991.6	0.11833
991.8	0.11332
992.0	0.10892
992.2	0.10475
992.4	0.10179
992.6	0.09911
992.8	0.09733
993.0	0.09597
993.2	0.09522
993.4	0.09498
993.6	0.09508
993.8	0.09594
994.0	0.09725
994.2	0.09968
994.4	0.10217
994.6	0.10532
994.8	0.10871
995.0	0.11285
995.2	0.11777
995.4	0.12265
995.6	0.12847
995.8	0.13533
996.0	0.14269
996.2	0.15017
996.4	0.15791
996.6	0.16595
996.8	0.17451
997.0	0.18204
997.2	0.19001
997.4	0.19897
997.6	0.208
997.8	0.21759
998.0	0.22696
998.2	0.23619
998.4	0.24528
998.6	0.25348
998.8	0.26178
999.0	0.26986
999.2	0.27703
999.4	0.28333
999.6	0.29014
999.8	0.29634
1000.0	0.29897
1000.2	0.29982
1000.4	0.30213
1000.6	0.30346
1000.8	0.3044
1001.0	0.3081
1001.2	0.3107
1001.4	0.31128
1001.6	0.31026
1001.8	0.3082
1002.0	0.30527
1002.2	0.30168
1002.4	0.29792
1002.6	0.2945
1002.8	0.28942
1003.0	0.28436
1003.2	0.28016
1003.4	0.27532
1003.6	0.26959
1003.8	0.26364
1004.0	0.25696
1004.2	0.24999
1004.4	0.24255
1004.6	0.23456
1004.8	0.22693
1005.0	0.21937
1005.2	0.21243
1005.4	0.20647
1005.6	0.20101
1005.8	0.19569
1006.0	0.19058
1006.2	0.1857
1006.4	0.18095
1006.6	0.17732
1006.8	0.17404
1007.0	0.17152
1007.2	0.16873
1007.4	0.16647
1007.6	0.16494
1007.8	0.16408
1008.0	0.16397
1008.2	0.16366
1008.4	0.16409
1008.6	0.16497
1008.8	0.16573
1009.0	0.16678
1009.2	0.16888
1009.4	0.1712
1009.6	0.17488
1009.8	0.17906
1010.0	0.18349
1010.2	0.1875
1010.4	0.19204
1010.6	0.19632
1010.8	0.20167
1011.0	0.20763
1011.2	0.21426
1011.4	0.22028
1011.6	0.22738
1011.8	0.23423
1012.0	0.24121
1012.2	0.2488
1012.4	0.25694
1012.6	0.26523
1012.8	0.27453
1013.0	0.28297
1013.2	0.29117
1013.4	0.29941
1013.6	0.30665
1013.8	0.31552
1014.0	0.32418
1014.2	0.33133
1014.4	0.33674
1014.6	0.34283
1014.8	0.35004
1015.0	0.35769
1015.2	0.36563
1015.4	0.37264
1015.6	0.37822
1015.8	0.38188
1016.0	0.38499
1016.2	0.38729
1016.4	0.38869
1016.6	0.38913
1016.8	0.38886
1017.0	0.38721
1017.2	0.38474
1017.4	0.38147
1017.6	0.37907
1017.8	0.37535
1018.0	0.36956
1018.2	0.36327
1018.4	0.35566
1018.6	0.34675
1018.8	0.33871
1019.0	0.32999
1019.2	0.32045
1019.4	0.31078
1019.6	0.3
1019.8	0.28991
1020.0	0.2792
1020.2	0.26897
1020.4	0.25988
1020.6	0.25134
1020.8	0.24278
1021.0	0.23376
1021.2	0.22583
1021.4	0.21928
1021.6	0.21361
1021.8	0.20784
1022.0	0.20211
1022.2	0.19636
1022.4	0.19172
1022.6	0.18709
1022.8	0.18266
1023.0	0.17876
1023.2	0.1749
1023.4	0.17151
1023.6	0.16852
1023.8	0.16583
1024.0	0.16374
1024.2	0.16236
1024.4	0.16226
1024.6	0.1618
1024.8	0.16182
1025.0	0.16648
1025.2	0.17192
1025.4	0.17514
1025.6	0.17957
1025.8	0.18501
1026.0	0.19306
1026.2	0.20198
1026.4	0.21266
1026.6	0.22405
1026.8	0.23642
1027.0	0.24825
1027.2	0.26052
1027.4	0.27134
1027.6	0.2824
1027.8	0.29232
1028.0	0.30076
1028.2	0.30913
1028.4	0.31664
1028.6	0.32368
1028.8	0.32949
1029.0	0.33432
1029.2	0.33967
1029.4	0.3444
1029.6	0.34829
1029.8	0.34931
1030.0	0.34962
1030.2	0.35034
1030.4	0.34977
1030.6	0.34931
1030.8	0.34886
1031.0	0.34613
1031.2	0.343
1031.4	0.34035
1031.6	0.33909
1031.8	0.33968
1032.0	0.34183
1032.2	0.34509
1032.4	0.35055
1032.6	0.35721
1032.8	0.36415
1033.0	0.37027
1033.2	0.3759
1033.4	0.38253
1033.6	0.39093
1033.8	0.39816
1034.0	0.40362
1034.2	0.40969
1034.4	0.4151
1034.6	0.41959
1034.8	0.42313
1035.0	0.42726
1035.2	0.43026
1035.4	0.43341
1035.6	0.43905
1035.8	0.44304
1036.0	0.44727
1036.2	0.45088
1036.4	0.45413
1036.6	0.45825
1036.8	0.46333
1037.0	0.47086
1037.2	0.47851
1037.4	0.4861
1037.6	0.49473
1037.8	0.50326
1038.0	0.51159
1038.2	0.5179
1038.4	0.52511
1038.6	0.53209
1038.8	0.53721
1039.0	0.54031
1039.2	0.54336
1039.4	0.54237
1039.6	0.54082
1039.8	0.53686
1040.0	0.53299
1040.2	0.52708
1040.4	0.52137
1040.6	0.51268
1040.8	0.50307
1041.0	0.49087
1041.2	0.4776
1041.4	0.46331
1041.6	0.44761
1041.8	0.42963
1042.0	0.4144
1042.2	0.39834
1042.4	0.38166
1042.6	0.36539
1042.8	0.35008
1043.0	0.33613
1043.2	0.32241
1043.4	0.31009
1043.6	0.2998
1043.8	0.28989
1044.0	0.28112
1044.2	0.27464
1044.4	0.26911
1044.6	0.26476
1044.8	0.26067
1045.0	0.25146
1045.2	0.2433
1045.4	0.24199
1045.6	0.24074
1045.8	0.24036
1046.0	0.24027
1046.2	0.23978
1046.4	0.24129
1046.6	0.24278
1046.8	0.24519
1047.0	0.24758
1047.2	0.25169
1047.4	0.25579
1047.6	0.26016
1047.8	0.26439
1048.0	0.27071
1048.2	0.27781
1048.4	0.28512
1048.6	0.29395
1048.8	0.30139
1049.0	0.3108
1049.2	0.32289
1049.4	0.33535
1049.6	0.34956
1049.8	0.36404
1050.0	0.37995
1050.2	0.39724
1050.4	0.41571
1050.6	0.43481
1050.8	0.45349
1051.0	0.47258
1051.2	0.49274
1051.4	0.51164
1051.6	0.5286
1051.8	0.5435
1052.0	0.55802
1052.2	0.57188
1052.4	0.58474
1052.6	0.59605
1052.8	0.60393
1053.0	0.61019
1053.2	0.61522
1053.4	0.61981
1053.6	0.62075
1053.8	0.61984
1054.0	0.61716
1054.2	0.61549
1054.4	0.6092
1054.6	0.6031
1054.8	0.59459
1055.0	0.58726
1055.2	0.57748
1055.4	0.56851
1055.6	0.56085
1055.8	0.54932
1056.0	0.53822
1056.2	0.52932
1056.4	0.52041
1056.6	0.5108
1056.8	0.50141
1057.0	0.49349
1057.2	0.48601
1057.4	0.4803
1057.6	0.47262
1057.8	0.46359
1058.0	0.45624
1058.2	0.45012
1058.4	0.44431
1058.6	0.4385
1058.8	0.43248
1059.0	0.42637
1059.2	0.41937
1059.4	0.41449
1059.6	0.40868
1059.8	0.40275
1060.0	0.39709
1060.2	0.39208
1060.4	0.38801
1060.6	0.38466
1060.8	0.38061
1061.0	0.37661
1061.2	0.37155
1061.4	0.36746
1061.6	0.36353
1061.8	0.35901
1062.0	0.35543
1062.2	0.35215
1062.4	0.34922
1062.6	0.34638
1062.8	0.34303
1063.0	0.34063
1063.2	0.33814
1063.4	0.33651
1063.6	0.33601
1063.8	0.33522
1064.0	0.33621
1064.2	0.33702
1064.4	0.33824
1064.6	0.34092
1064.8	0.34408
1065.0	0.34653
1065.2	0.35041
1065.4	0.35658
1065.6	0.36347
1065.8	0.3701
1066.0	0.37703
1066.2	0.3856
1066.4	0.39616
1066.6	0.40681
1066.8	0.41831
1067.0	0.43075
1067.2	0.44528
1067.4	0.4582
1067.6	0.47185
1067.8	0.48745
1068.0	0.49973
1068.2	0.51201
1068.4	0.52569
1068.6	0.53718
1068.8	0.54777
1069.0	0.55743
1069.2	0.56855
1069.4	0.57816
1069.6	0.58588
1069.8	0.59025
1070.0	0.59324
1070.2	0.59478
1070.4	0.59581
1070.6	0.59774
1070.8	0.59549
1071.0	0.59215
1071.2	0.59011
1071.4	0.58687
1071.6	0.58342
1071.8	0.5787
1072.0	0.57243
1072.2	0.56565
1072.4	0.55749
1072.6	0.5497
1072.8	0.54387
1073.0	0.53752
1073.2	0.53218
1073.4	0.52938
1073.6	0.524
1073.8	0.52135
1074.0	0.51645
1074.2	0.51185
1074.4	0.50602
1074.6	0.50316
1074.8	0.49939
1075.0	0.49747
1075.2	0.49591
1075.4	0.49418
1075.6	0.49122
1075.8	0.49061
1076.0	0.48976
1076.2	0.48758
1076.4	0.48767
1076.6	0.4868
1076.8	0.48554
1077.0	0.48477
1077.2	0.48132
1077.4	0.47864
1077.6	0.47652
1077.8	0.47483
1078.0	0.47442
1078.2	0.47146
1078.4	0.46861
1078.6	0.4654
1078.8	0.4627
1079.0	0.4579
1079.2	0.45413
1079.4	0.45111
1079.6	0.44926
1079.8	0.44663
1080.0	0.44322
1080.2	0.44027
1080.4	0.43606
1080.6	0.43495
1080.8	0.43284
1081.0	0.42983
1081.2	0.42674
1081.4	0.42314
1081.6	0.42164
1081.8	0.41858
1082.0	0.41623
1082.2	0.413
1082.4	0.4126
1082.6	0.41236
1082.8	0.41388
1083.0	0.41414
1083.2	0.41523
1083.4	0.41618
1083.6	0.41836
1083.8	0.42045
1084.0	0.42144
1084.2	0.42522
1084.4	0.42927
1084.6	0.43405
1084.8	0.43851
1085.0	0.44489
1085.2	0.45064
1085.4	0.45762
1085.6	0.46595
1085.8	0.47512
1086.0	0.48402
1086.2	0.49335
1086.4	0.50038
1086.6	0.51132
1086.8	0.52069
1087.0	0.5284
1087.2	0.53679
1087.4	0.54411
1087.6	0.55278
1087.8	0.55887
1088.0	0.56556
1088.2	0.56994
1088.4	0.57559
1088.6	0.57776
1088.8	0.57975
1089.0	0.5786
1089.2	0.57819
1089.4	0.57721
1089.6	0.57542
1089.8	0.57177
1090.0	0.58744
1090.2	0.60416
1090.4	0.59726
1090.6	0.58962
1090.8	0.57956
1091.0	0.57199
1091.2	0.56235
1091.4	0.55393
1091.6	0.54685
1091.8	0.53757
1092.0	0.52943
1092.2	0.52316
1092.4	0.51565
1092.6	0.5076
1092.8	0.5035
1093.0	0.49821
1093.2	0.49181
1093.4	0.48508
1093.6	0.47974
1093.8	0.47825
1094.0	0.47535
1094.2	0.47622
1094.4	0.47176
1094.6	0.46679
1094.8	0.46618
1095.0	0.4669
1095.2	0.46374
1095.4	0.46656
1095.6	0.46848
1095.8	0.4741
1096.0	0.47595
1096.2	0.477
1096.4	0.48339
1096.6	0.48468
1096.8	0.48622
1097.0	0.49183
1097.2	0.49396
1097.4	0.49504
1097.6	0.50041
1097.8	0.50545
1098.0	0.51024
1098.2	0.51335
1098.4	0.51742
1098.6	0.52015
1098.8	0.52493
1099.0	0.528
1099.2	0.53328
1099.4	0.54124
1099.6	0.55031
1099.8	0.55508
1100.0	0.56067
1100.2	0.56815
1100.4	0.57307
1100.6	0.57969
1100.8	0.58505
1101.0	0.59023
1101.2	0.59847
1101.4	0.60369
1101.6	0.61019
1101.8	0.61511
1102.0	0.61807
1102.2	0.6239
1102.4	0.6266
1102.6	0.63368
1102.8	0.63885
1103.0	0.64651
1103.2	0.6548
1103.4	0.6595
1103.6	0.66684
1103.8	0.67691
1104.0	0.68314
1104.2	0.68647
1104.4	0.69393
1104.6	0.70208
1104.8	0.70935
1105.0	0.71329
1105.2	0.72265
1105.4	0.72612
1105.6	0.72722
1105.8	0.73432
1106.0	0.73539
1106.2	0.7386
1106.4	0.74208
1106.6	0.74288
1106.8	0.74589
1107.0	0.74207
1107.2	0.74369
1107.4	0.74088
1107.6	0.73445
1107.8	0.73145
1108.0	0.73142
1108.2	0.72488
1108.4	0.71913
1108.6	0.71091
1108.8	0.7058
1109.0	0.69775
1109.2	0.68715
1109.4	0.67528
1109.6	0.66577
1109.8	0.6589
1110.0	0.64248
1110.2	0.63034
1110.4	0.61818
1110.6	0.60242
1110.8	0.59042
1111.0	0.58029
1111.2	0.56531
1111.4	0.55301
1111.6	0.54499
1111.8	0.53304
1112.0	0.52156
1112.2	0.51165
1112.4	0.5047
1112.6	0.49292
1112.8	0.48278
1113.0	0.47314
1113.2	0.46488
1113.4	0.45856
1113.6	0.45262
1113.8	0.44763
1114.0	0.44119
1114.2	0.43542
1114.4	0.43028
1114.6	0.42584
1114.8	0.42158
1115.0	0.42002
1115.2	0.41744
1115.4	0.41416
1115.6	0.409
1115.8	0.40997
1116.0	0.40943
1116.2	0.40507
1116.4	0.40494
1116.6	0.40461
1116.8	0.40206
1117.0	0.40361
1117.2	0.40444
1117.4	0.40916
1117.6	0.4079
1117.8	0.40984
1118.0	0.41128
1118.2	0.41579
1118.4	0.41486
1118.6	0.4198
1118.8	0.42057
1119.0	0.42323
1119.2	0.42787
1119.4	0.42757
1119.6	0.43042
1119.8	0.43041
1120.0	0.43461
1120.2	0.44506
1120.4	0.44472
1120.6	0.451
1120.8	0.45035
1121.0	0.43928
1121.2	0.44217
1121.4	0.4482
1121.6	0.45571
1121.8	0.46301
1122.0	0.46687
1122.2	0.47406
1122.4	0.47985
1122.6	0.49091
1122.8	0.49456
1123.0	0.49654
1123.2	0.50749
1123.4	0.51312
1123.6	0.52056
1123.8	0.52615
1124.0	0.5322
1124.2	0.54047
1124.4	0.55104
1124.6	0.55541
1124.8	0.55997
1125.0	0.56985

