Typical Measured Spectrum of Semrock FF511-Di01 Optical Filter	
For wavelengths between 320 and 1120 nm, values near or below 3e-7 (Optical Density 6.5) are measurement noise limited.
For wavelengths < 320 nm and > 1120 nm, values near or below 3e-6 (Optical Density 5.5) are measurement noise limited. 
Data format:  Wavelength (nm) <tab> Transmission (0 to 1)
300.0	3.5175e-05
300.2	4.7599e-05
300.4	3.5417e-05
300.6	3.5385e-05
300.8	4.88e-05
301.0	3.4525e-05
301.2	3.4141e-05
301.4	3.3217e-05
301.6	3.9675e-05
301.8	1.0993e-04
302.0	3.0742e-05
302.2	1.0948e-04
302.4	2.9564e-05
302.6	2.9303e-05
302.8	2.9261e-05
303.0	2.8847e-05
303.2	2.8645e-05
303.4	5.5042e-05
303.6	2.7579e-05
303.8	2.6993e-05
304.0	2.6333e-05
304.2	2.5643e-05
304.4	1.1582e-04
304.6	2.4394e-05
304.8	7.2828e-05
305.0	2.3693e-05
305.2	2.3516e-05
305.4	3.8467e-05
305.6	2.3451e-05
305.8	2.3411e-05
306.0	2.3369e-05
306.2	2.4436e-05
306.4	5.9768e-05
306.6	2.255e-05
306.8	2.2169e-05
307.0	6.0251e-05
307.2	3.1335e-05
307.4	5.7755e-05
307.6	2.0515e-05
307.8	2.0343e-05
308.0	2.0217e-05
308.2	2.0154e-05
308.4	2.0104e-05
308.6	2.0175e-05
308.8	3.8163e-05
309.0	2.0212e-05
309.2	8.1048e-05
309.4	2.0453e-05
309.6	2.0547e-05
309.8	3.3626e-05
310.0	6.1055e-05
310.2	2.1431e-05
310.4	4.3551e-05
310.6	2.2068e-05
310.8	2.2167e-05
311.0	2.2287e-05
311.2	2.5865e-05
311.4	2.1886e-05
311.6	2.1403e-05
311.8	2.0935e-05
312.0	2.0233e-05
312.2	1.9618e-05
312.4	2.0343e-05
312.6	1.8393e-05
312.8	1.792e-05
313.0	1.9005e-05
313.2	2.001e-05
313.4	4.5778e-05
313.6	1.7852e-05
313.8	2.2206e-05
314.0	1.8725e-05
314.2	4.8199e-05
314.4	1.9783e-05
314.6	1.8558e-05
314.8	1.9097e-05
315.0	1.9112e-05
315.2	1.7954e-05
315.4	1.8924e-05
315.6	3.5429e-05
315.8	1.7445e-05
316.0	1.8977e-05
316.2	2.5554e-05
316.4	1.7108e-05
316.6	1.9661e-05
316.8	4.4624e-05
317.0	2.0604e-05
317.2	3.2268e-05
317.4	2.729e-05
317.6	1.7124e-05
317.8	1.7365e-05
318.0	1.9716e-05
318.2	1.6861e-05
318.4	1.6731e-05
318.6	1.6002e-05
318.8	1.6696e-05
319.0	1.6443e-05
319.2	8.6163e-05
319.4	1.6724e-05
319.6	1.6014e-05
319.8	1.6265e-05
320.0	1.6023e-05
320.2	1.5257e-05
320.4	3.9192e-05
320.6	1.5186e-05
320.8	1.4586e-05
321.0	1.4707e-05
321.2	1.4884e-05
321.4	1.679e-05
321.6	1.535e-05
321.8	2.3927e-05
322.0	1.5638e-05
322.2	3.1057e-05
322.4	1.6767e-05
322.6	1.6736e-05
322.8	1.7556e-05
323.0	1.7216e-05
323.2	1.7026e-05
323.4	1.7043e-05
323.6	1.6359e-05
323.8	1.6078e-05
324.0	1.836e-05
324.2	1.4882e-05
324.4	4.9275e-05
324.6	2.1707e-05
324.8	1.3304e-05
325.0	1.2996e-05
325.2	1.2748e-05
325.4	1.2521e-05
325.6	1.2535e-05
325.8	1.2387e-05
326.0	1.239e-05
326.2	2.3184e-05
326.4	1.9353e-05
326.6	1.2438e-05
326.8	2.1501e-05
327.0	1.2202e-05
327.2	1.2115e-05
327.4	2.4503e-05
327.6	5.0015e-05
327.8	4.047e-05
328.0	2.44e-05
328.2	1.0988e-05
328.4	1.074e-05
328.6	2.5745e-05
328.8	1.0301e-05
329.0	2.0887e-05
329.2	9.9389e-06
329.4	9.7846e-06
329.6	9.6478e-06
329.8	2.3071e-05
330.0	9.4028e-06
330.2	9.3112e-06
330.4	9.1997e-06
330.6	1.1714e-05
330.8	8.9801e-06
331.0	8.906e-06
331.2	8.7964e-06
331.4	8.7001e-06
331.6	8.576e-06
331.8	8.4436e-06
332.0	1.0364e-05
332.2	5.0941e-05
332.4	9.372e-06
332.6	1.2212e-05
332.8	7.9686e-06
333.0	7.8944e-06
333.2	7.8618e-06
333.4	7.7852e-06
333.6	7.7414e-06
333.8	9.6387e-06
334.0	7.7332e-06
334.2	7.7173e-06
334.4	1.7491e-05
334.6	7.6314e-06
334.8	1.0842e-05
335.0	7.5344e-06
335.2	9.6168e-06
335.4	7.3707e-06
335.6	7.2086e-06
335.8	7.0643e-06
336.0	1.3994e-05
336.2	6.8189e-06
336.4	6.7241e-06
336.6	6.6357e-06
336.8	6.6217e-06
337.0	8.1393e-06
337.2	1.7461e-05
337.4	6.33e-06
337.6	6.3266e-06
337.8	9.1599e-06
338.0	6.2356e-06
338.2	6.232e-06
338.4	6.1854e-06
338.6	9.8607e-06
338.8	6.6187e-06
339.0	6.0009e-06
339.2	5.9418e-06
339.4	5.8688e-06
339.6	5.9599e-06
339.8	5.7018e-06
340.0	1.1834e-05
340.2	5.5336e-06
340.4	5.4719e-06
340.6	7.0371e-06
340.8	1.3916e-05
341.0	3.6741e-05
341.2	9.106e-06
341.4	5.2286e-06
341.6	5.187e-06
341.8	5.1715e-06
342.0	5.1231e-06
342.2	5.0769e-06
342.4	5.0631e-06
342.6	1.6322e-05
342.8	6.6909e-06
343.0	1.1868e-05
343.2	5.0027e-06
343.4	6.6677e-06
343.6	4.8203e-06
343.8	6.1501e-06
344.0	4.7804e-06
344.2	4.7468e-06
344.4	4.7192e-06
344.6	2.8278e-05
344.8	4.6898e-06
345.0	1.3499e-05
345.2	4.6497e-06
345.4	4.5793e-06
345.6	4.5703e-06
345.8	4.5299e-06
346.0	4.4711e-06
346.2	4.464e-06
346.4	4.4154e-06
346.6	1.1275e-05
346.8	1.297e-05
347.0	4.3837e-06
347.2	4.4206e-06
347.4	4.4829e-06
347.6	4.4501e-06
347.8	4.552e-06
348.0	5.8474e-06
348.2	4.5777e-06
348.4	4.671e-06
348.6	8.6613e-06
348.8	4.6701e-06
349.0	4.7183e-06
349.2	7.821e-06
349.4	4.6399e-06
349.6	2.2686e-05
349.8	4.5222e-06
350.0	5.937e-06
350.2	7.1651e-06
350.4	5.65e-06
350.6	4.4219e-06
350.8	9.1551e-06
351.0	4.4016e-06
351.2	8.3611e-06
351.4	4.5001e-06
351.6	4.5745e-06
351.8	4.9982e-06
352.0	4.7034e-06
352.2	4.8122e-06
352.4	4.8691e-06
352.6	4.9065e-06
352.8	4.9483e-06
353.0	4.9432e-06
353.2	1.5461e-05
353.4	4.8611e-06
353.6	8.1226e-06
353.8	4.7294e-06
354.0	4.9529e-06
354.2	4.5619e-06
354.4	4.459e-06
354.6	4.3876e-06
354.8	4.3161e-06
355.0	4.2546e-06
355.2	4.2133e-06
355.4	1.4632e-05
355.6	4.8966e-06
355.8	5.1476e-06
356.0	4.1802e-06
356.2	4.2097e-06
356.4	4.1874e-06
356.6	4.2386e-06
356.8	4.2684e-06
357.0	1.0471e-05
357.2	4.3273e-06
357.4	1.0843e-05
357.6	4.3917e-06
357.8	4.4793e-06
358.0	5.2113e-06
358.2	4.5528e-06
358.4	4.641e-06
358.6	4.8969e-06
358.8	4.7351e-06
359.0	4.769e-06
359.2	4.7888e-06
359.4	4.8039e-06
359.6	4.8085e-06
359.8	4.7817e-06
360.0	1.2882e-05
360.2	4.707e-06
360.4	4.6407e-06
360.6	4.5894e-06
360.8	4.5872e-06
361.0	4.5737e-06
361.2	4.6221e-06
361.4	4.7151e-06
361.6	4.8617e-06
361.8	5.0243e-06
362.0	6.9206e-06
362.2	5.5746e-06
362.4	5.8068e-06
362.6	6.1806e-06
362.8	6.5301e-06
363.0	6.7571e-06
363.2	2.6604e-05
363.4	7.2587e-06
363.6	1.208e-05
363.8	3.0937e-05
364.0	1.8766e-05
364.2	1.092e-05
364.4	7.3054e-06
364.6	7.2692e-06
364.8	7.0819e-06
365.0	1.5759e-05
365.2	6.8511e-06
365.4	6.733e-06
365.6	6.7222e-06
365.8	6.765e-06
366.0	6.8296e-06
366.2	7.011e-06
366.4	7.1901e-06
366.6	7.4538e-06
366.8	7.7775e-06
367.0	1.6214e-05
367.2	1.1154e-05
367.4	8.9593e-06
367.6	4.2162e-05
367.8	1.4413e-05
368.0	1.069e-05
368.2	6.7444e-05
368.4	1.2541e-05
368.6	1.3952e-05
368.8	1.5747e-05
369.0	3.0934e-05
369.2	3.3914e-05
369.4	2.4793e-05
369.6	4.7911e-05
369.8	4.399e-05
370.0	4.5337e-05
370.2	5.6258e-05
370.4	6.8869e-05
370.6	9.0906e-05
370.8	1.0738e-04
371.0	1.3625e-04
371.2	2.7284e-04
371.4	1.7422e-04
371.6	1.9925e-04
371.8	2.2903e-04
372.0	5.1862e-04
372.2	0.00138
372.4	3.1509e-04
372.6	3.5271e-04
372.8	3.705e-04
373.0	3.9254e-04
373.2	0.00113
373.4	4.4912e-04
373.6	4.8295e-04
373.8	5.1725e-04
374.0	9.4297e-04
374.2	0.00321
374.4	6.0287e-04
374.6	6.4343e-04
374.8	6.7087e-04
375.0	7.0928e-04
375.2	9.1037e-04
375.4	9.8785e-04
375.6	8.2088e-04
375.8	9.5767e-04
376.0	9.0256e-04
376.2	9.4318e-04
376.4	9.9428e-04
376.6	0.00107
376.8	0.0011
377.0	0.00629
377.2	0.00175
377.4	0.00127
377.6	0.00128
377.8	0.00141
378.0	0.00283
378.2	0.00146
378.4	0.00153
378.6	0.00701
378.8	0.00789
379.0	0.00216
379.2	0.00985
379.4	0.00166
379.6	0.00189
379.8	0.00171
380.0	0.00728
380.2	0.0064
380.4	0.00179
380.6	0.0019
380.8	0.00186
381.0	0.00273
381.2	0.00193
381.4	0.00198
381.6	0.00202
381.8	0.00932
382.0	0.00342
382.2	0.00204
382.4	0.00213
382.6	0.00527
382.8	0.00207
383.0	0.00218
383.2	0.00216
383.4	0.00224
383.6	0.00226
383.8	0.00232
384.0	0.00253
384.2	0.00921
384.4	0.01047
384.6	0.01225
384.8	0.01491
385.0	0.01849
385.2	0.02406
385.4	0.03224
385.6	0.04331
385.8	0.05742
386.0	0.07107
386.2	0.0817
386.4	0.08643
386.6	0.0844
386.8	0.07539
387.0	0.06196
387.2	0.0475
387.4	0.03495
387.6	0.02559
387.8	0.01933
388.0	0.01477
388.2	0.01195
388.4	0.00979
388.6	0.00838
388.8	0.00717
389.0	0.00645
389.2	0.0058
389.4	0.0054
389.6	0.00497
389.8	0.00471
390.0	0.0045
390.2	0.00438
390.4	0.0043
390.6	0.00424
390.8	0.0042
391.0	0.00427
391.2	0.00437
391.4	0.00444
391.6	0.00464
391.8	0.00486
392.0	0.00469
392.2	0.005
392.4	0.00541
392.6	0.00594
392.8	0.00663
393.0	0.00753
393.2	0.00856
393.4	0.00993
393.6	0.01157
393.8	0.01334
394.0	0.01538
394.2	0.01733
394.4	0.01886
394.6	0.01982
394.8	0.02022
395.0	0.01965
395.2	0.0184
395.4	0.01662
395.6	0.01454
395.8	0.01234
396.0	0.01027
396.2	0.00854
396.4	0.00713
396.6	0.006
396.8	0.00505
397.0	0.00435
397.2	0.0038
397.4	0.00332
397.6	0.0029
397.8	0.00265
398.0	0.0024
398.2	0.0022
398.4	0.00202
398.6	0.00185
398.8	0.00176
399.0	0.00167
399.2	0.00157
399.4	0.00147
399.6	0.00143
399.8	0.00135
400.0	0.00129
400.2	0.00126
400.4	0.00128
400.6	0.00125
400.8	0.00125
401.0	0.00124
401.2	0.00123
401.4	0.00122
401.6	0.00126
401.8	0.00131
402.0	0.00134
402.2	0.00136
402.4	0.00139
402.6	0.00145
402.8	0.00154
403.0	0.00162
403.2	0.0017
403.4	0.00181
403.6	0.00194
403.8	0.00206
404.0	0.00221
404.2	0.0024
404.4	0.0026
404.6	0.00285
404.8	0.00315
405.0	0.00353
405.2	0.00397
405.4	0.0044
405.6	0.0049
405.8	0.00548
406.0	0.00612
406.2	0.00681
406.4	0.00746
406.6	0.00809
406.8	0.0086
407.0	0.00898
407.2	0.00927
407.4	0.00929
407.6	0.00907
407.8	0.00876
408.0	0.00833
408.2	0.00767
408.4	0.00701
408.6	0.00629
408.8	0.00565
409.0	0.00509
409.2	0.00454
409.4	0.0041
409.6	0.00371
409.8	0.00336
410.0	0.00304
410.2	0.00279
410.4	0.00259
410.6	0.00241
410.8	0.00226
411.0	0.00214
411.2	0.00199
411.4	0.00189
411.6	0.00181
411.8	0.00174
412.0	0.00169
412.2	0.00163
412.4	0.00159
412.6	0.00154
412.8	0.00149
413.0	0.0015
413.2	0.0015
413.4	0.00148
413.6	0.00146
413.8	0.00146
414.0	0.00147
414.2	0.00148
414.4	0.0015
414.6	0.00154
414.8	0.00159
415.0	0.00163
415.2	0.00166
415.4	0.0017
415.6	0.00177
415.8	0.00183
416.0	0.00191
416.2	0.00201
416.4	0.00211
416.6	0.00222
416.8	0.00237
417.0	0.00256
417.2	0.00273
417.4	0.00293
417.6	0.00317
417.8	0.00348
418.0	0.00376
418.2	0.00411
418.4	0.0045
418.6	0.00493
418.8	0.00541
419.0	0.00594
419.2	0.00648
419.4	0.00705
419.6	0.00765
419.8	0.00823
420.0	0.0088
420.2	0.00931
420.4	0.00974
420.6	0.01007
420.8	0.0102
421.0	0.01023
421.2	0.01019
421.4	0.01002
421.6	0.00965
421.8	0.0092
422.0	0.0088
422.2	0.0083
422.4	0.00776
422.6	0.00729
422.8	0.00681
423.0	0.0064
423.2	0.006
423.4	0.00563
423.6	0.00532
423.8	0.00505
424.0	0.00482
424.2	0.00463
424.4	0.00446
424.6	0.00426
424.8	0.00416
425.0	0.00405
425.2	0.00395
425.4	0.00385
425.6	0.0038
425.8	0.00377
426.0	0.00376
426.2	0.00376
426.4	0.00378
426.6	0.0038
426.8	0.00386
427.0	0.00348
427.2	0.00392
427.4	0.00393
427.6	0.00419
427.8	0.00423
428.0	0.00446
428.2	0.00464
428.4	0.00481
428.6	0.00502
428.8	0.00529
429.0	0.00561
429.2	0.00591
429.4	0.00626
429.6	0.00667
429.8	0.0071
430.0	0.00755
430.2	0.00808
430.4	0.0087
430.6	0.00921
430.8	0.00991
431.0	0.01053
431.2	0.0112
431.4	0.01193
431.6	0.01256
431.8	0.01313
432.0	0.01368
432.2	0.01404
432.4	0.01437
432.6	0.01472
432.8	0.0146
433.0	0.01465
433.2	0.01448
433.4	0.01427
433.6	0.01398
433.8	0.01357
434.0	0.01316
434.2	0.01262
434.4	0.01212
434.6	0.01166
434.8	0.0112
435.0	0.01075
435.2	0.0103
435.4	0.01001
435.6	0.00963
435.8	0.00934
436.0	0.00907
436.2	0.00888
436.4	0.0086
436.6	0.00846
436.8	0.00829
437.0	0.00819
437.2	0.00808
437.4	0.008
437.6	0.00811
437.8	0.00805
438.0	0.00798
438.2	0.00813
438.4	0.00824
438.6	0.0084
438.8	0.00845
439.0	0.00879
439.2	0.00898
439.4	0.00925
439.6	0.00963
439.8	0.00993
440.0	0.01048
440.2	0.01085
440.4	0.01125
440.6	0.01185
440.8	0.01241
441.0	0.01319
441.2	0.014
441.4	0.01466
441.6	0.01558
441.8	0.01638
442.0	0.01715
442.2	0.01805
442.4	0.01888
442.6	0.01969
442.8	0.02048
443.0	0.02118
443.2	0.02164
443.4	0.02194
443.6	0.02225
443.8	0.02244
444.0	0.02237
444.2	0.02204
444.4	0.02167
444.6	0.02123
444.8	0.02062
445.0	0.01997
445.2	0.01908
445.4	0.01841
445.6	0.01766
445.8	0.01684
446.0	0.01598
446.2	0.01534
446.4	0.01465
446.6	0.01388
446.8	0.01332
447.0	0.01267
447.2	0.01223
447.4	0.01177
447.6	0.01131
447.8	0.01092
448.0	0.01048
448.2	0.01028
448.4	0.0099
448.6	0.00974
448.8	0.00951
449.0	0.00931
449.2	0.00914
449.4	0.00895
449.6	0.00894
449.8	0.0089
450.0	0.00889
450.2	0.00884
450.4	0.00876
450.6	0.00887
450.8	0.00888
451.0	0.00885
451.2	0.00901
451.4	0.00917
451.6	0.00934
451.8	0.00954
452.0	0.00969
452.2	0.00996
452.4	0.01023
452.6	0.0105
452.8	0.01083
453.0	0.0111
453.2	0.01155
453.4	0.01199
453.6	0.01234
453.8	0.01268
454.0	0.0133
454.2	0.01381
454.4	0.01442
454.6	0.015
454.8	0.01561
455.0	0.01607
455.2	0.01677
455.4	0.01753
455.6	0.01794
455.8	0.01862
456.0	0.01913
456.2	0.01965
456.4	0.02025
456.6	0.02076
456.8	0.02117
457.0	0.02163
457.2	0.02186
457.4	0.02201
457.6	0.02221
457.8	0.02244
458.0	0.02235
458.2	0.02247
458.4	0.02215
458.6	0.02212
458.8	0.02171
459.0	0.02145
459.2	0.02112
459.4	0.02081
459.6	0.02028
459.8	0.01986
460.0	0.01945
460.2	0.01904
460.4	0.01861
460.6	0.01819
460.8	0.01776
461.0	0.01734
461.2	0.01691
461.4	0.01658
461.6	0.01613
461.8	0.01577
462.0	0.01537
462.2	0.01521
462.4	0.01497
462.6	0.0148
462.8	0.01458
463.0	0.01431
463.2	0.01417
463.4	0.01402
463.6	0.01394
463.8	0.01378
464.0	0.01374
464.2	0.01366
464.4	0.01367
464.6	0.01354
464.8	0.01359
465.0	0.01357
465.2	0.01353
465.4	0.01356
465.6	0.01358
465.8	0.01364
466.0	0.01372
466.2	0.01391
466.4	0.01399
466.6	0.01407
466.8	0.01409
467.0	0.01431
467.2	0.01443
467.4	0.01461
467.6	0.01476
467.8	0.01492
468.0	0.01506
468.2	0.01514
468.4	0.01535
468.6	0.0156
468.8	0.01576
469.0	0.01589
469.2	0.01609
469.4	0.01618
469.6	0.0164
469.8	0.01656
470.0	0.01678
470.2	0.01692
470.4	0.01713
470.6	0.01714
470.8	0.01729
471.0	0.01745
471.2	0.01752
471.4	0.01775
471.6	0.01791
471.8	0.018
472.0	0.01817
472.2	0.01823
472.4	0.01828
472.6	0.01852
472.8	0.0185
473.0	0.01859
473.2	0.01872
473.4	0.01876
473.6	0.0189
473.8	0.01897
474.0	0.01895
474.2	0.01905
474.4	0.01912
474.6	0.0192
474.8	0.01924
475.0	0.01936
475.2	0.01939
475.4	0.01948
475.6	0.01956
475.8	0.01963
476.0	0.01975
476.2	0.01978
476.4	0.01972
476.6	0.01997
476.8	0.02004
477.0	0.02014
477.2	0.02031
477.4	0.02042
477.6	0.02033
477.8	0.02049
478.0	0.02055
478.2	0.02072
478.4	0.02077
478.6	0.02071
478.8	0.02093
479.0	0.02099
479.2	0.02101
479.4	0.0211
479.6	0.02122
479.8	0.02126
480.0	0.02134
480.2	0.02124
480.4	0.02123
480.6	0.02129
480.8	0.02125
481.0	0.02126
481.2	0.02123
481.4	0.02111
481.6	0.02107
481.8	0.02105
482.0	0.02097
482.2	0.02086
482.4	0.02083
482.6	0.02057
482.8	0.02056
483.0	0.02034
483.2	0.02015
483.4	0.02015
483.6	0.01987
483.8	0.01965
484.0	0.01942
484.2	0.01926
484.4	0.0191
484.6	0.01902
484.8	0.0189
485.0	0.01874
485.2	0.01853
485.4	0.01831
485.6	0.01823
485.8	0.01791
486.0	0.01785
486.2	0.01763
486.4	0.01748
486.6	0.0174
486.8	0.0173
487.0	0.01713
487.2	0.01707
487.4	0.01702
487.6	0.0168
487.8	0.01676
488.0	0.01656
488.2	0.01654
488.4	0.01651
488.6	0.01641
488.8	0.01646
489.0	0.01639
489.2	0.01643
489.4	0.0165
489.6	0.01649
489.8	0.01646
490.0	0.01657
490.2	0.01651
490.4	0.01671
490.6	0.01673
490.8	0.01684
491.0	0.0169
491.2	0.01707
491.4	0.01732
491.6	0.01747
491.8	0.01756
492.0	0.01778
492.2	0.01799
492.4	0.01819
492.6	0.01851
492.8	0.01876
493.0	0.01909
493.2	0.01948
493.4	0.01979
493.6	0.02015
493.8	0.02049
494.0	0.02093
494.2	0.02144
494.4	0.02191
494.6	0.0224
494.8	0.02293
495.0	0.02359
495.2	0.0242
495.4	0.02491
495.6	0.0256
495.8	0.0264
496.0	0.02729
496.2	0.02821
496.4	0.02914
496.6	0.0299
496.8	0.03116
497.0	0.03239
497.2	0.03368
497.4	0.03482
497.6	0.03603
497.8	0.03755
498.0	0.03908
498.2	0.04078
498.4	0.04269
498.6	0.04468
498.8	0.0467
499.0	0.0488
499.2	0.05119
499.4	0.05372
499.6	0.05644
499.8	0.05941
500.0	0.06091
500.2	0.06285
500.4	0.06587
500.6	0.06942
500.8	0.07277
501.0	0.07676
501.2	0.08091
501.4	0.08553
501.6	0.09034
501.8	0.09564
502.0	0.10141
502.2	0.10739
502.4	0.11376
502.6	0.12064
502.8	0.12792
503.0	0.13571
503.2	0.14336
503.4	0.15228
503.6	0.1619
503.8	0.1723
504.0	0.18269
504.2	0.19356
504.4	0.20489
504.6	0.21661
504.8	0.22911
505.0	0.24244
505.2	0.25584
505.4	0.26993
505.6	0.28411
505.8	0.29777
506.0	0.3114
506.2	0.32576
506.4	0.33937
506.6	0.35354
506.8	0.36734
507.0	0.3795
507.2	0.39284
507.4	0.40652
507.6	0.41821
507.8	0.42797
508.0	0.43867
508.2	0.44968
508.4	0.45958
508.6	0.46917
508.8	0.47818
509.0	0.48606
509.2	0.49679
509.4	0.50665
509.6	0.51568
509.8	0.52627
510.0	0.53588
510.2	0.54796
510.4	0.55875
510.6	0.57192
510.8	0.58515
511.0	0.60053
511.2	0.61685
511.4	0.63588
511.6	0.65446
511.8	0.67249
512.0	0.69158
512.2	0.71406
512.4	0.73566
512.6	0.7595
512.8	0.7809
513.0	0.80253
513.2	0.8243
513.4	0.84427
513.6	0.86309
513.8	0.8786
514.0	0.89421
514.2	0.9087
514.4	0.9209
514.6	0.93139
514.8	0.93895
515.0	0.94303
515.2	0.94907
515.4	0.95005
515.6	0.95191
515.8	0.95443
516.0	0.95698
516.2	0.95573
516.4	0.95317
516.6	0.95177
516.8	0.95024
517.0	0.94918
517.2	0.94803
517.4	0.94775
517.6	0.94625
517.8	0.94581
518.0	0.9434
518.2	0.94441
518.4	0.94356
518.6	0.944
518.8	0.9451
519.0	0.94585
519.2	0.94549
519.4	0.94682
519.6	0.94678
519.8	0.94571
520.0	0.94642
520.2	0.94811
520.4	0.94964
520.6	0.94954
520.8	0.95143
521.0	0.9515
521.2	0.95408
521.4	0.9549
521.6	0.95666
521.8	0.95831
522.0	0.95928
522.2	0.96006
522.4	0.95885
522.6	0.95999
522.8	0.95941
523.0	0.95977
523.2	0.95905
523.4	0.96015
523.6	0.96008
523.8	0.95971
524.0	0.96115
524.2	0.96031
524.4	0.96176
524.6	0.95914
524.8	0.95881
525.0	0.96066
525.2	0.96012
525.4	0.95833
525.6	0.95992
525.8	0.96121
526.0	0.96081
526.2	0.96236
526.4	0.96185
526.6	0.96291
526.8	0.96413
527.0	0.96272
527.2	0.96327
527.4	0.96189
527.6	0.9623
527.8	0.96149
528.0	0.96499
528.2	0.96415
528.4	0.96351
528.6	0.96295
528.8	0.96484
529.0	0.96555
529.2	0.96637
529.4	0.96601
529.6	0.9658
529.8	0.96607
530.0	0.96504
530.2	0.96669
530.4	0.96707
530.6	0.96673
530.8	0.97125
531.0	0.97106
531.2	0.97153
531.4	0.9715
531.6	0.97265
531.8	0.9706
532.0	0.97133
532.2	0.97218
532.4	0.97285
532.6	0.97467
532.8	0.97468
533.0	0.97472
533.2	0.97489
533.4	0.97225
533.6	0.9724
533.8	0.97319
534.0	0.97201
534.2	0.96985
534.4	0.9698
534.6	0.96811
534.8	0.96911
535.0	0.96849
535.2	0.96653
535.4	0.96614
535.6	0.96633
535.8	0.96491
536.0	0.96461
536.2	0.96471
536.4	0.9652
536.6	0.9651
536.8	0.96298
537.0	0.96075
537.2	0.96275
537.4	0.95922
537.6	0.95672
537.8	0.95557
538.0	0.95821
538.2	0.95871
538.4	0.95867
538.6	0.95869
538.8	0.95792
539.0	0.96025
539.2	0.95821
539.4	0.95716
539.6	0.95855
539.8	0.95641
540.0	0.95604
540.2	0.95371
540.4	0.95453
540.6	0.95453
540.8	0.95436
541.0	0.95434
541.2	0.95592
541.4	0.95728
541.6	0.95739
541.8	0.95748
542.0	0.95779
542.2	0.95809
542.4	0.95737
542.6	0.95643
542.8	0.95643
543.0	0.95997
543.2	0.96075
543.4	0.95992
543.6	0.9613
543.8	0.96265
544.0	0.96263
544.2	0.96358
544.4	0.96348
544.6	0.9642
544.8	0.96188
545.0	0.96303
545.2	0.96327
545.4	0.96139
545.6	0.96185
545.8	0.96354
546.0	0.96163
546.2	0.9608
546.4	0.96068
546.6	0.9601
546.8	0.96124
547.0	0.96057
547.2	0.95992
547.4	0.95863
547.6	0.95997
547.8	0.95839
548.0	0.95933
548.2	0.96001
548.4	0.95993
548.6	0.95983
548.8	0.96072
549.0	0.95921
549.2	0.95918
549.4	0.95928
549.6	0.95922
549.8	0.95956
550.0	0.95745
550.2	0.9578
550.4	0.95782
550.6	0.95849
550.8	0.95956
551.0	0.9588
551.2	0.95906
551.4	0.95679
551.6	0.95456
551.8	0.95575
552.0	0.95624
552.2	0.95672
552.4	0.95555
552.6	0.95634
552.8	0.95751
553.0	0.95883
553.2	0.9584
553.4	0.95913
553.6	0.95667
553.8	0.95552
554.0	0.95762
554.2	0.95723
554.4	0.95778
554.6	0.95902
554.8	0.96011
555.0	0.9595
555.2	0.95865
555.4	0.96018
555.6	0.9627
555.8	0.9625
556.0	0.96297
556.2	0.9642
556.4	0.9642
556.6	0.96463
556.8	0.96308
557.0	0.96314
557.2	0.96637
557.4	0.96707
557.6	0.96674
557.8	0.96818
558.0	0.96714
558.2	0.96667
558.4	0.96755
558.6	0.96765
558.8	0.96742
559.0	0.97028
559.2	0.96813
559.4	0.97088
559.6	0.97207
559.8	0.97091
560.0	0.97102
560.2	0.97418
560.4	0.97388
560.6	0.97292
560.8	0.97301
561.0	0.97613
561.2	0.97496
561.4	0.97397
561.6	0.97332
561.8	0.97489
562.0	0.97306
562.2	0.97018
562.4	0.97217
562.6	0.9726
562.8	0.97164
563.0	0.97178
563.2	0.9727
563.4	0.97185
563.6	0.97262
563.8	0.97261
564.0	0.973
564.2	0.97141
564.4	0.97157
564.6	0.96864
564.8	0.96661
565.0	0.9674
565.2	0.9682
565.4	0.96728
565.6	0.96854
565.8	0.96711
566.0	0.96618
566.2	0.96687
566.4	0.96717
566.6	0.9674
566.8	0.96601
567.0	0.96582
567.2	0.96507
567.4	0.96486
567.6	0.96521
567.8	0.96539
568.0	0.96474
568.2	0.96496
568.4	0.96399
568.6	0.9636
568.8	0.9629
569.0	0.96108
569.2	0.96121
569.4	0.96403
569.6	0.96309
569.8	0.96247
570.0	0.96525
570.2	0.96551
570.4	0.96323
570.6	0.96339
570.8	0.96339
571.0	0.96432
571.2	0.96717
571.4	0.9654
571.6	0.96467
571.8	0.96355
572.0	0.96558
572.2	0.96686
572.4	0.96952
572.6	0.96876
572.8	0.97045
573.0	0.9692
573.2	0.9699
573.4	0.9702
573.6	0.97099
573.8	0.97114
574.0	0.97036
574.2	0.97102
574.4	0.97075
574.6	0.97248
574.8	0.97364
575.0	0.97603
575.2	0.97389
575.4	0.97493
575.6	0.97433
575.8	0.97677
576.0	0.9762
576.2	0.97703
576.4	0.9768
576.6	0.97855
576.8	0.97848
577.0	0.97829
577.2	0.97788
577.4	0.97731
577.6	0.97866
577.8	0.97926
578.0	0.97993
578.2	0.97884
578.4	0.97901
578.6	0.97917
578.8	0.97852
579.0	0.97765
579.2	0.98027
579.4	0.98074
579.6	0.98037
579.8	0.9799
580.0	0.97912
580.2	0.97796
580.4	0.97812
580.6	0.97622
580.8	0.97467
581.0	0.97137
581.2	0.97372
581.4	0.97396
581.6	0.9734
581.8	0.97292
582.0	0.97148
582.2	0.96998
582.4	0.96913
582.6	0.96807
582.8	0.96946
583.0	0.96883
583.2	0.96854
583.4	0.96712
583.6	0.96719
583.8	0.96817
584.0	0.96646
584.2	0.9637
584.4	0.96224
584.6	0.96226
584.8	0.96238
585.0	0.96155
585.2	0.96117
585.4	0.96007
585.6	0.9607
585.8	0.95962
586.0	0.95921
586.2	0.95694
586.4	0.95783
586.6	0.95915
586.8	0.96105
587.0	0.95865
587.2	0.95769
587.4	0.95955
587.6	0.9595
587.8	0.96105
588.0	0.96011
588.2	0.95857
588.4	0.95877
588.6	0.96039
588.8	0.96134
589.0	0.95983
589.2	0.9591
589.4	0.96088
589.6	0.9609
589.8	0.95973
590.0	0.95988
590.2	0.96083
590.4	0.96242
590.6	0.96143
590.8	0.96243
591.0	0.96434
591.2	0.9646
591.4	0.96333
591.6	0.96486
591.8	0.96719
592.0	0.96859
592.2	0.96761
592.4	0.96888
592.6	0.9697
592.8	0.96965
593.0	0.96791
593.2	0.97167
593.4	0.97306
593.6	0.97335
593.8	0.97494
594.0	0.97352
594.2	0.97277
594.4	0.97289
594.6	0.97137
594.8	0.97171
595.0	0.9732
595.2	0.97541
595.4	0.97471
595.6	0.97581
595.8	0.97637
596.0	0.97678
596.2	0.97713
596.4	0.97782
596.6	0.97597
596.8	0.97517
597.0	0.97551
597.2	0.97719
597.4	0.97823
597.6	0.97931
597.8	0.97921
598.0	0.9767
598.2	0.97657
598.4	0.97644
598.6	0.97702
598.8	0.9762
599.0	0.97578
599.2	0.9755
599.4	0.97613
599.6	0.97313
599.8	0.97464
600.0	0.97342
600.2	0.97309
600.4	0.97212
600.6	0.97239
600.8	0.97375
601.0	0.97175
601.2	0.97058
601.4	0.97267
601.6	0.9744
601.8	0.97318
602.0	0.97166
602.2	0.96948
602.4	0.96668
602.6	0.9673
602.8	0.96747
603.0	0.96567
603.2	0.96368
603.4	0.96247
603.6	0.96084
603.8	0.95935
604.0	0.95789
604.2	0.95856
604.4	0.95789
604.6	0.96102
604.8	0.96216
605.0	0.96138
605.2	0.9606
605.4	0.9586
605.6	0.96117
605.8	0.95981
606.0	0.95873
606.2	0.95886
606.4	0.95605
606.6	0.95507
606.8	0.95466
607.0	0.95349
607.2	0.95454
607.4	0.95187
607.6	0.95339
607.8	0.95411
608.0	0.95308
608.2	0.95408
608.4	0.95156
608.6	0.95179
608.8	0.95148
609.0	0.95228
609.2	0.95195
609.4	0.95062
609.6	0.95092
609.8	0.95308
610.0	0.95437
610.2	0.95503
610.4	0.95685
610.6	0.95636
610.8	0.95801
611.0	0.95854
611.2	0.95734
611.4	0.95646
611.6	0.95659
611.8	0.95746
612.0	0.95752
612.2	0.95888
612.4	0.95748
612.6	0.95939
612.8	0.96016
613.0	0.96017
613.2	0.95995
613.4	0.95989
613.6	0.96117
613.8	0.9616
614.0	0.96227
614.2	0.96229
614.4	0.96368
614.6	0.96313
614.8	0.96454
615.0	0.96512
615.2	0.96604
615.4	0.96565
615.6	0.96586
615.8	0.96639
616.0	0.96688
616.2	0.96893
616.4	0.96749
616.6	0.96736
616.8	0.96543
617.0	0.96626
617.2	0.96761
617.4	0.9693
617.6	0.97118
617.8	0.96877
618.0	0.96913
618.2	0.9688
618.4	0.96895
618.6	0.96872
618.8	0.97077
619.0	0.97046
619.2	0.97093
619.4	0.97279
619.6	0.97129
619.8	0.97113
620.0	0.9699
620.2	0.97037
620.4	0.97073
620.6	0.97091
620.8	0.97012
621.0	0.97034
621.2	0.97183
621.4	0.97269
621.6	0.96984
621.8	0.97016
622.0	0.97124
622.2	0.97061
622.4	0.96946
622.6	0.97174
622.8	0.97135
623.0	0.97018
623.2	0.96882
623.4	0.96694
623.6	0.96521
623.8	0.96476
624.0	0.96285
624.2	0.96306
624.4	0.9643
624.6	0.96606
624.8	0.96588
625.0	0.96597
625.2	0.96522
625.4	0.96801
625.6	0.96659
625.8	0.96718
626.0	0.96524
626.2	0.96654
626.4	0.96577
626.6	0.96436
626.8	0.96366
627.0	0.96099
627.2	0.96369
627.4	0.96516
627.6	0.96335
627.8	0.96262
628.0	0.96198
628.2	0.96394
628.4	0.96257
628.6	0.95822
628.8	0.95978
629.0	0.95914
629.2	0.96124
629.4	0.96101
629.6	0.95987
629.8	0.96082
630.0	0.96266
630.2	0.95999
630.4	0.96036
630.6	0.96044
630.8	0.96193
631.0	0.95993
631.2	0.95742
631.4	0.95944
631.6	0.95973
631.8	0.95812
632.0	0.9565
632.2	0.95954
632.4	0.95968
632.6	0.9611
632.8	0.95884
633.0	0.95688
633.2	0.95773
633.4	0.95755
633.6	0.95775
633.8	0.95945
634.0	0.95972
634.2	0.96205
634.4	0.96166
634.6	0.96005
634.8	0.96329
635.0	0.96308
635.2	0.96115
635.4	0.96206
635.6	0.96403
635.8	0.96301
636.0	0.9673
636.2	0.97023
636.4	0.96766
636.6	0.96657
636.8	0.96634
637.0	0.96877
637.2	0.96667
637.4	0.9662
637.6	0.96757
637.8	0.9667
638.0	0.96638
638.2	0.96734
638.4	0.97018
638.6	0.97154
638.8	0.97152
639.0	0.9716
639.2	0.9704
639.4	0.97023
639.6	0.97003
639.8	0.97088
640.0	0.97034
640.2	0.96788
640.4	0.97082
640.6	0.97329
640.8	0.9724
641.0	0.97384
641.2	0.97538
641.4	0.97441
641.6	0.97377
641.8	0.97442
642.0	0.9756
642.2	0.97588
642.4	0.97396
642.6	0.97509
642.8	0.97658
643.0	0.97562
643.2	0.97489
643.4	0.97434
643.6	0.97538
643.8	0.97403
644.0	0.97278
644.2	0.97141
644.4	0.97233
644.6	0.97026
644.8	0.97103
645.0	0.97374
645.2	0.97135
645.4	0.96622
645.6	0.96645
645.8	0.96929
646.0	0.96927
646.2	0.97008
646.4	0.96904
646.6	0.96632
646.8	0.96569
647.0	0.96748
647.2	0.9679
647.4	0.96758
647.6	0.96779
647.8	0.96812
648.0	0.97023
648.2	0.96703
648.4	0.9654
648.6	0.96491
648.8	0.96522
649.0	0.96521
649.2	0.96421
649.4	0.96489
649.6	0.96372
649.8	0.96211
650.0	0.96367
650.2	0.96196
650.4	0.96151
650.6	0.96373
650.8	0.96309
651.0	0.96302
651.2	0.9627
651.4	0.96155
651.6	0.96371
651.8	0.96459
652.0	0.9646
652.2	0.96248
652.4	0.95891
652.6	0.9595
652.8	0.96403
653.0	0.95918
653.2	0.96011
653.4	0.96261
653.6	0.96094
653.8	0.96256
654.0	0.96118
654.2	0.96322
654.4	0.96211
654.6	0.96445
654.8	0.96246
655.0	0.96082
655.2	0.96082
655.4	0.96062
655.6	0.9611
655.8	0.96204
656.0	0.96186
656.2	0.9628
656.4	0.96289
656.6	0.96376
656.8	0.96344
657.0	0.96298
657.2	0.96367
657.4	0.96244
657.6	0.96116
657.8	0.96328
658.0	0.9631
658.2	0.9618
658.4	0.9608
658.6	0.96158
658.8	0.96231
659.0	0.9627
659.2	0.96189
659.4	0.96206
659.6	0.96372
659.8	0.96393
660.0	0.96256
660.2	0.96348
660.4	0.96212
660.6	0.96104
660.8	0.96535
661.0	0.96515
661.2	0.96603
661.4	0.96425
661.6	0.9648
661.8	0.96298
662.0	0.9643
662.2	0.96484
662.4	0.9668
662.6	0.96451
662.8	0.96574
663.0	0.96608
663.2	0.96735
663.4	0.96709
663.6	0.9672
663.8	0.96796
664.0	0.96749
664.2	0.96405
664.4	0.96593
664.6	0.96798
664.8	0.96688
665.0	0.96758
665.2	0.96683
665.4	0.96428
665.6	0.9644
665.8	0.96637
666.0	0.96955
666.2	0.96945
666.4	0.97097
666.6	0.97211
666.8	0.97107
667.0	0.9701
667.2	0.96962
667.4	0.96971
667.6	0.96762
667.8	0.96619
668.0	0.96576
668.2	0.96668
668.4	0.96586
668.6	0.9653
668.8	0.96595
669.0	0.96489
669.2	0.9624
669.4	0.96026
669.6	0.96205
669.8	0.96174
670.0	0.96093
670.2	0.96027
670.4	0.95719
670.6	0.95679
670.8	0.95693
671.0	0.95664
671.2	0.95851
671.4	0.96176
671.6	0.96189
671.8	0.96012
672.0	0.9602
672.2	0.96036
672.4	0.95992
672.6	0.9596
672.8	0.95948
673.0	0.9616
673.2	0.95988
673.4	0.96106
673.6	0.96138
673.8	0.96281
674.0	0.96403
674.2	0.96339
674.4	0.96387
674.6	0.96266
674.8	0.96345
675.0	0.96339
675.2	0.96164
675.4	0.96108
675.6	0.9603
675.8	0.95941
676.0	0.95971
676.2	0.95898
676.4	0.96182
676.6	0.96154
676.8	0.96022
677.0	0.96067
677.2	0.96271
677.4	0.96466
677.6	0.96432
677.8	0.96031
678.0	0.95962
678.2	0.96212
678.4	0.96289
678.6	0.96149
678.8	0.96366
679.0	0.96386
679.2	0.96252
679.4	0.96368
679.6	0.96303
679.8	0.96192
680.0	0.96239
680.2	0.96364
680.4	0.9652
680.6	0.96596
680.8	0.96403
681.0	0.96479
681.2	0.96319
681.4	0.96371
681.6	0.96393
681.8	0.96592
682.0	0.96524
682.2	0.965
682.4	0.96777
682.6	0.96662
682.8	0.96539
683.0	0.96507
683.2	0.96531
683.4	0.96654
683.6	0.96782
683.8	0.96914
684.0	0.96922
684.2	0.96654
684.4	0.96715
684.6	0.96701
684.8	0.96981
685.0	0.96995
685.2	0.96761
685.4	0.97023
685.6	0.97145
685.8	0.97244
686.0	0.97332
686.2	0.97176
686.4	0.9707
686.6	0.97068
686.8	0.97094
687.0	0.96994
687.2	0.9697
687.4	0.97068
687.6	0.9717
687.8	0.96933
688.0	0.97039
688.2	0.97032
688.4	0.97133
688.6	0.97394
688.8	0.9737
689.0	0.97522
689.2	0.97362
689.4	0.97448
689.6	0.97651
689.8	0.97519
690.0	0.97494
690.2	0.97526
690.4	0.97576
690.6	0.97505
690.8	0.97463
691.0	0.97408
691.2	0.97504
691.4	0.97268
691.6	0.9731
691.8	0.97383
692.0	0.97244
692.2	0.97015
692.4	0.96919
692.6	0.96804
692.8	0.96842
693.0	0.97008
693.2	0.9726
693.4	0.97212
693.6	0.97244
693.8	0.97263
694.0	0.97355
694.2	0.9743
694.4	0.97309
694.6	0.97161
694.8	0.97213
695.0	0.97367
695.2	0.97594
695.4	0.97284
695.6	0.96894
695.8	0.96864
696.0	0.9684
696.2	0.9691
696.4	0.96865
696.6	0.96988
696.8	0.96981
697.0	0.96865
697.2	0.96622
697.4	0.96575
697.6	0.96637
697.8	0.96772
698.0	0.97028
698.2	0.97049
698.4	0.96995
698.6	0.96837
698.8	0.96609
699.0	0.96556
699.2	0.96746
699.4	0.96683
699.6	0.96548
699.8	0.96489
700.0	0.96329
700.2	0.96336
700.4	0.96357
700.6	0.96535
700.8	0.96519
701.0	0.96327
701.2	0.96395
701.4	0.96538
701.6	0.96445
701.8	0.96348
702.0	0.96205
702.2	0.96251
702.4	0.96321
702.6	0.96494
702.8	0.96421
703.0	0.96527
703.2	0.96404
703.4	0.9624
703.6	0.96292
703.8	0.96119
704.0	0.96109
704.2	0.9587
704.4	0.96077
704.6	0.96017
704.8	0.95895
705.0	0.95999
705.2	0.95911
705.4	0.95804
705.6	0.95857
705.8	0.95934
706.0	0.96082
706.2	0.96336
706.4	0.96173
706.6	0.96152
706.8	0.95975
707.0	0.95961
707.2	0.95978
707.4	0.95971
707.6	0.95631
707.8	0.95674
708.0	0.95759
708.2	0.95709
708.4	0.95725
708.6	0.95932
708.8	0.95986
709.0	0.95843
709.2	0.95778
709.4	0.9574
709.6	0.95838
709.8	0.95885
710.0	0.96014
710.2	0.9605
710.4	0.96137
710.6	0.9601
710.8	0.95784
711.0	0.95722
711.2	0.95736
711.4	0.9581
711.6	0.96058
711.8	0.95977
712.0	0.95984
712.2	0.95927
712.4	0.95996
712.6	0.95901
712.8	0.95905
713.0	0.95908
713.2	0.95829
713.4	0.95807
713.6	0.95803
713.8	0.95886
714.0	0.95961
714.2	0.95791
714.4	0.95744
714.6	0.95649
714.8	0.95589
715.0	0.95368
715.2	0.95517
715.4	0.95907
715.6	0.95927
715.8	0.9603
716.0	0.96061
716.2	0.96314
716.4	0.96323
716.6	0.96113
716.8	0.9611
717.0	0.95921
717.2	0.96012
717.4	0.96069
717.6	0.96039
717.8	0.9592
718.0	0.95894
718.2	0.9578
718.4	0.95861
718.6	0.95912
718.8	0.95964
719.0	0.95865
719.2	0.95578
719.4	0.95579
719.6	0.95698
719.8	0.95788
720.0	0.95662
720.2	0.95626
720.4	0.95742
720.6	0.95966
720.8	0.95976
721.0	0.96061
721.2	0.96275
721.4	0.96139
721.6	0.96064
721.8	0.96157
722.0	0.9633
722.2	0.96508
722.4	0.96603
722.6	0.96659
722.8	0.96578
723.0	0.96485
723.2	0.96465
723.4	0.96405
723.6	0.96355
723.8	0.96442
724.0	0.96241
724.2	0.96445
724.4	0.96345
724.6	0.96294
724.8	0.96381
725.0	0.96642
725.2	0.96491
725.4	0.96424
725.6	0.96488
725.8	0.96391
726.0	0.96567
726.2	0.96379
726.4	0.96542
726.6	0.96358
726.8	0.96366
727.0	0.96302
727.2	0.96031
727.4	0.96154
727.6	0.96143
727.8	0.96193
728.0	0.96329
728.2	0.96484
728.4	0.96799
728.6	0.9683
728.8	0.97282
729.0	0.97513
729.2	0.97134
729.4	0.9695
729.6	0.96778
729.8	0.96885
730.0	0.96748
730.2	0.96677
730.4	0.96618
730.6	0.96808
730.8	0.97053
731.0	0.97084
731.2	0.96828
731.4	0.96754
731.6	0.96979
731.8	0.97143
732.0	0.96948
732.2	0.96919
732.4	0.96894
732.6	0.9694
732.8	0.97247
733.0	0.97095
733.2	0.97067
733.4	0.97174
733.6	0.9708
733.8	0.96934
734.0	0.96673
734.2	0.96702
734.4	0.96893
734.6	0.97181
734.8	0.97125
735.0	0.97334
735.2	0.97266
735.4	0.97264
735.6	0.97548
735.8	0.9746
736.0	0.97254
736.2	0.97341
736.4	0.97644
736.6	0.97531
736.8	0.9735
737.0	0.97273
737.2	0.9743
737.4	0.97274
737.6	0.97362
737.8	0.97677
738.0	0.97715
738.2	0.97609
738.4	0.97538
738.6	0.97294
738.8	0.97051
739.0	0.96841
739.2	0.97132
739.4	0.97065
739.6	0.97292
739.8	0.97463
740.0	0.97316
740.2	0.97451
740.4	0.97682
740.6	0.97719
740.8	0.9735
741.0	0.97199
741.2	0.9687
741.4	0.9687
741.6	0.96894
741.8	0.96898
742.0	0.97153
742.2	0.97085
742.4	0.96987
742.6	0.96884
742.8	0.97004
743.0	0.97227
743.2	0.97144
743.4	0.97128
743.6	0.9711
743.8	0.97196
744.0	0.97338
744.2	0.97369
744.4	0.97223
744.6	0.96958
744.8	0.97105
745.0	0.97121
745.2	0.96899
745.4	0.96839
745.6	0.96961
745.8	0.96758
746.0	0.97015
746.2	0.97263
746.4	0.97321
746.6	0.97407
746.8	0.97498
747.0	0.97765
747.2	0.97617
747.4	0.9713
747.6	0.96887
747.8	0.96997
748.0	0.97063
748.2	0.96993
748.4	0.9667
748.6	0.96598
748.8	0.96503
749.0	0.96708
749.2	0.96634
749.4	0.96497
749.6	0.96377
749.8	0.9625
750.0	0.96078
750.2	0.96304
750.4	0.9642
750.6	0.96127
750.8	0.96046
751.0	0.95953
751.2	0.95949
751.4	0.95789
751.6	0.95888
751.8	0.96046
752.0	0.96249
752.2	0.96159
752.4	0.96292
752.6	0.96357
752.8	0.9622
753.0	0.95954
753.2	0.9587
753.4	0.96075
753.6	0.96144
753.8	0.95893
754.0	0.95819
754.2	0.95993
754.4	0.96147
754.6	0.96288
754.8	0.96125
755.0	0.95771
755.2	0.95665
755.4	0.95804
755.6	0.95763
755.8	0.958
756.0	0.96093
756.2	0.96054
756.4	0.9613
756.6	0.96146
756.8	0.9614
757.0	0.96132
757.2	0.96244
757.4	0.96119
757.6	0.96179
757.8	0.96225
758.0	0.96051
758.2	0.95973
758.4	0.95893
758.6	0.95765
758.8	0.95643
759.0	0.96018
759.2	0.96
759.4	0.9583
759.6	0.95995
759.8	0.96151
760.0	0.96304
760.2	0.96533
760.4	0.96938
760.6	0.96861
760.8	0.97081
761.0	0.96993
761.2	0.96893
761.4	0.96614
761.6	0.96646
761.8	0.96741
762.0	0.96819
762.2	0.96972
762.4	0.96917
762.6	0.96796
762.8	0.96677
763.0	0.96899
763.2	0.96915
763.4	0.97024
763.6	0.97032
763.8	0.97009
764.0	0.9694
764.2	0.9682
764.4	0.97013
764.6	0.97095
764.8	0.97342
765.0	0.97477
765.2	0.97491
765.4	0.97529
765.6	0.97435
765.8	0.97367
766.0	0.97503
766.2	0.97504
766.4	0.9762
766.6	0.9775
766.8	0.98057
767.0	0.98067
767.2	0.9802
767.4	0.97943
767.6	0.97822
767.8	0.97318
768.0	0.97193
768.2	0.97368
768.4	0.97617
768.6	0.97813
768.8	0.9805
769.0	0.97874
769.2	0.97866
769.4	0.97967
769.6	0.97928
769.8	0.98012
770.0	0.97998
770.2	0.97823
770.4	0.97811
770.6	0.97965
770.8	0.97867
771.0	0.98036
771.2	0.98198
771.4	0.98153
771.6	0.98011
771.8	0.97795
772.0	0.97596
772.2	0.97566
772.4	0.97649
772.6	0.97594
772.8	0.97443
773.0	0.97381
773.2	0.97316
773.4	0.97348
773.6	0.97602
773.8	0.97727
774.0	0.97347
774.2	0.9714
774.4	0.97179
774.6	0.97452
774.8	0.97577
775.0	0.97821
775.2	0.97859
775.4	0.97729
775.6	0.97556
775.8	0.97472
776.0	0.97112
776.2	0.97198
776.4	0.97281
776.6	0.97188
776.8	0.97193
777.0	0.96967
777.2	0.96864
777.4	0.96791
777.6	0.96895
777.8	0.96955
778.0	0.97084
778.2	0.9684
778.4	0.96736
778.6	0.96711
778.8	0.96792
779.0	0.96666
779.2	0.96363
779.4	0.96359
779.6	0.96621
779.8	0.96542
780.0	0.96486
780.2	0.96296
780.4	0.96183
780.6	0.96195
780.8	0.96015
781.0	0.95947
781.2	0.95874
781.4	0.95739
781.6	0.95739
781.8	0.95982
782.0	0.95999
782.2	0.95992
782.4	0.95975
782.6	0.96023
782.8	0.96279
783.0	0.96047
783.2	0.96046
783.4	0.96163
783.6	0.96061
783.8	0.96035
784.0	0.959
784.2	0.95683
784.4	0.9584
784.6	0.96008
784.8	0.96049
785.0	0.96006
785.2	0.95822
785.4	0.95989
785.6	0.95924
785.8	0.96154
786.0	0.9629
786.2	0.96341
786.4	0.96253
786.6	0.96363
786.8	0.9594
787.0	0.95916
787.2	0.95677
787.4	0.95872
787.6	0.95851
787.8	0.9606
788.0	0.96172
788.2	0.96215
788.4	0.96167
788.6	0.96104
788.8	0.96312
789.0	0.9654
789.2	0.96702
789.4	0.96566
789.6	0.96387
789.8	0.96305
790.0	0.96421
790.2	0.96187
790.4	0.96081
790.6	0.96009
790.8	0.95853
791.0	0.95695
791.2	0.9576
791.4	0.96008
791.6	0.96269
791.8	0.96551
792.0	0.96526
792.2	0.96547
792.4	0.96547
792.6	0.96598
792.8	0.96598
793.0	0.9682
793.2	0.96754
793.4	0.96607
793.6	0.96775
793.8	0.96961
794.0	0.97454
794.2	0.97694
794.4	0.97564
794.6	0.97451
794.8	0.97548
795.0	0.97293
795.2	0.97081
795.4	0.97283
795.6	0.97354
795.8	0.97482
796.0	0.97776
796.2	0.97658
796.4	0.97496
796.6	0.9736
796.8	0.97348
797.0	0.97734
797.2	0.97879
797.4	0.97518
797.6	0.97537
797.8	0.97521
798.0	0.97463
798.2	0.97673
798.4	0.97813
798.6	0.97646
798.8	0.97626
799.0	0.97552
799.2	0.97497
799.4	0.97609
799.6	0.97728
799.8	0.97764
800.0	0.97646
800.2	0.9734
800.4	0.97468
800.6	0.97542
800.8	0.97435
801.0	0.97527
801.2	0.97508
801.4	0.97284
801.6	0.97108
801.8	0.97004
802.0	0.96602
802.2	0.96394
802.4	0.96226
802.6	0.96548
802.8	0.96309
803.0	0.95992
803.2	0.95423
803.4	0.95065
803.6	0.9485
803.8	0.94797
804.0	0.94736
804.2	0.94385
804.4	0.93955
804.6	0.93569
804.8	0.93065
805.0	0.92751
805.2	0.92703
805.4	0.9254
805.6	0.92087
805.8	0.91857
806.0	0.91325
806.2	0.9077
806.4	0.9011
806.6	0.89235
806.8	0.88173
807.0	0.87696
807.2	0.87048
807.4	0.86311
807.6	0.85585
807.8	0.84943
808.0	0.84136
808.2	0.834
808.4	0.82695
808.6	0.81715
808.8	0.80927
809.0	0.80133
809.2	0.79349
809.4	0.78484
809.6	0.77323
809.8	0.76336
810.0	0.7557
810.2	0.7454
810.4	0.734
810.6	0.7262
810.8	0.71954
811.0	0.70981
811.2	0.70103
811.4	0.69113
811.6	0.67985
811.8	0.66877
812.0	0.65832
812.2	0.64815
812.4	0.63867
812.6	0.62931
812.8	0.61897
813.0	0.60943
813.2	0.59836
813.4	0.58969
813.6	0.58278
813.8	0.57575
814.0	0.56978
814.2	0.56163
814.4	0.55236
814.6	0.54437
814.8	0.53798
815.0	0.52998
815.2	0.52398
815.4	0.51788
815.6	0.51123
815.8	0.5042
816.0	0.49736
816.2	0.49286
816.4	0.48713
816.6	0.48011
816.8	0.47414
817.0	0.4699
817.2	0.46409
817.4	0.45997
817.6	0.45481
817.8	0.44958
818.0	0.44667
818.2	0.4447
818.4	0.44027
818.6	0.43646
818.8	0.43309
819.0	0.42904
819.2	0.42526
819.4	0.4223
819.6	0.41968
819.8	0.41678
820.0	0.41405
820.2	0.41106
820.4	0.40792
820.6	0.40545
820.8	0.40481
821.0	0.40486
821.2	0.40331
821.4	0.40098
821.6	0.40031
821.8	0.39902
822.0	0.39899
822.2	0.39801
822.4	0.39591
822.6	0.39553
822.8	0.39388
823.0	0.39273
823.2	0.39182
823.4	0.38997
823.6	0.38863
823.8	0.38788
824.0	0.3866
824.2	0.38711
824.4	0.38788
824.6	0.38769
824.8	0.38683
825.0	0.38361
825.2	0.3845
825.4	0.38511
825.6	0.38602
825.8	0.3867
826.0	0.38811
826.2	0.38803
826.4	0.38607
826.6	0.38454
826.8	0.38501
827.0	0.38709
827.2	0.38931
827.4	0.38904
827.6	0.38957
827.8	0.38994
828.0	0.38974
828.2	0.38876
828.4	0.38647
828.6	0.38472
828.8	0.38428
829.0	0.38276
829.2	0.38297
829.4	0.38333
829.6	0.38248
829.8	0.38098
830.0	0.38006
830.2	0.37987
830.4	0.37908
830.6	0.37934
830.8	0.37605
831.0	0.37334
831.2	0.37087
831.4	0.36838
831.6	0.36756
831.8	0.36446
832.0	0.36218
832.2	0.36031
832.4	0.35754
832.6	0.35585
832.8	0.35147
833.0	0.34721
833.2	0.34381
833.4	0.34101
833.6	0.3367
833.8	0.33127
834.0	0.32728
834.2	0.32057
834.4	0.31512
834.6	0.31004
834.8	0.30625
835.0	0.30196
835.2	0.29679
835.4	0.29265
835.6	0.28871
835.8	0.28347
836.0	0.27835
836.2	0.27144
836.4	0.26456
836.6	0.25976
836.8	0.25334
837.0	0.24778
837.2	0.24333
837.4	0.2375
837.6	0.23235
837.8	0.22618
838.0	0.21998
838.2	0.21346
838.4	0.20869
838.6	0.20401
838.8	0.19911
839.0	0.19402
839.2	0.18845
839.4	0.1832
839.6	0.17886
839.8	0.17383
840.0	0.16885
840.2	0.16336
840.4	0.15768
840.6	0.153
840.8	0.1479
841.0	0.14304
841.2	0.13874
841.4	0.13495
841.6	0.13126
841.8	0.12757
842.0	0.12383
842.2	0.11985
842.4	0.11657
842.6	0.11371
842.8	0.10972
843.0	0.10626
843.2	0.10296
843.4	0.09943
843.6	0.09637
843.8	0.09387
844.0	0.09121
844.2	0.08812
844.4	0.08526
844.6	0.08271
844.8	0.08042
845.0	0.07808
845.2	0.07573
845.4	0.07322
845.6	0.07112
845.8	0.06848
846.0	0.0664
846.2	0.0644
846.4	0.06241
846.6	0.06031
846.8	0.05866
847.0	0.05706
847.2	0.05556
847.4	0.05388
847.6	0.05248
847.8	0.0513
848.0	0.04936
848.2	0.04777
848.4	0.04617
848.6	0.04492
848.8	0.04368
849.0	0.04232
849.2	0.04118
849.4	0.03957
849.6	0.03852
849.8	0.0375
850.0	0.03662
850.2	0.03578
850.4	0.03489
850.6	0.03388
850.8	0.03278
851.0	0.03193
851.2	0.03102
851.4	0.03037
851.6	0.0295
851.8	0.02871
852.0	0.02798
852.2	0.02713
852.4	0.02647
852.6	0.02579
852.8	0.02516
853.0	0.02455
853.2	0.02382
853.4	0.02319
853.6	0.02257
853.8	0.0221
854.0	0.02151
854.2	0.02105
854.4	0.02049
854.6	0.01998
854.8	0.01947
855.0	0.01893
855.2	0.01856
855.4	0.01819
855.6	0.01784
855.8	0.01726
856.0	0.01687
856.2	0.01643
856.4	0.01609
856.6	0.01573
856.8	0.0154
857.0	0.01506
857.2	0.01472
857.4	0.01434
857.6	0.01405
857.8	0.01372
858.0	0.01339
858.2	0.01312
858.4	0.01283
858.6	0.01256
858.8	0.01226
859.0	0.01204
859.2	0.0118
859.4	0.01158
859.6	0.01127
859.8	0.01102
860.0	0.01083
860.2	0.01056
860.4	0.01041
860.6	0.01024
860.8	0.01
861.0	0.00985
861.2	0.00964
861.4	0.00951
861.6	0.00927
861.8	0.00904
862.0	0.00888
862.2	0.00871
862.4	0.0085
862.6	0.00832
862.8	0.00821
863.0	0.00811
863.2	0.00797
863.4	0.00783
863.6	0.00761
863.8	0.00747
864.0	0.00735
864.2	0.00726
864.4	0.0071
864.6	0.00694
864.8	0.00681
865.0	0.00669
865.2	0.00658
865.4	0.00648
865.6	0.00635
865.8	0.00623
866.0	0.00614
866.2	0.00607
866.4	0.00596
866.6	0.00584
866.8	0.00571
867.0	0.00561
867.2	0.00553
867.4	0.00545
867.6	0.00539
867.8	0.00532
868.0	0.00526
868.2	0.00524
868.4	0.0051
868.6	0.00501
868.8	0.00492
869.0	0.00485
869.2	0.00486
869.4	0.00475
869.6	0.00468
869.8	0.00458
870.0	0.00451
870.2	0.00447
870.4	0.00436
870.6	0.00428
870.8	0.0042
871.0	0.00413
871.2	0.00403
871.4	0.00399
871.6	0.00388
871.8	0.00386
872.0	0.00379
872.2	0.00375
872.4	0.0037
872.6	0.0036
872.8	0.00356
873.0	0.00352
873.2	0.00349
873.4	0.00342
873.6	0.00337
873.8	0.00332
874.0	0.00326
874.2	0.0032
874.4	0.00315
874.6	0.00314
874.8	0.00309
875.0	0.00307
875.2	0.00301
875.4	0.00297
875.6	0.00291
875.8	0.00287
876.0	0.00283
876.2	0.00278
876.4	0.00276
876.6	0.00273
876.8	0.00272
877.0	0.00266
877.2	0.00262
877.4	0.0026
877.6	0.00257
877.8	0.00253
878.0	0.00254
878.2	0.00248
878.4	0.00243
878.6	0.00241
878.8	0.00238
879.0	0.00233
879.2	0.00229
879.4	0.00227
879.6	0.00224
879.8	0.00223
880.0	0.00221
880.2	0.00217
880.4	0.00212
880.6	0.00212
880.8	0.00207
881.0	0.00206
881.2	0.00204
881.4	0.00201
881.6	0.00199
881.8	0.00195
882.0	0.00195
882.2	0.00191
882.4	0.00193
882.6	0.0019
882.8	0.00187
883.0	0.00185
883.2	0.00185
883.4	0.00184
883.6	0.0018
883.8	0.00176
884.0	0.00175
884.2	0.00174
884.4	0.00172
884.6	0.00171
884.8	0.00168
885.0	0.00168
885.2	0.00166
885.4	0.00164
885.6	0.00164
885.8	0.0016
886.0	0.00159
886.2	0.00158
886.4	0.00159
886.6	0.00157
886.8	0.00153
887.0	0.00151
887.2	0.00151
887.4	0.0015
887.6	0.0015
887.8	0.00146
888.0	0.00146
888.2	0.00146
888.4	0.00144
888.6	0.00144
888.8	0.00143
889.0	0.00141
889.2	0.00142
889.4	0.00139
889.6	0.0014
889.8	0.00137
890.0	0.00136
890.2	0.00135
890.4	0.00134
890.6	0.00134
890.8	0.00133
891.0	0.00132
891.2	0.0013
891.4	0.00129
891.6	0.0013
891.8	0.00128
892.0	0.00127
892.2	0.00126
892.4	0.00126
892.6	0.00127
892.8	0.00123
893.0	0.00124
893.2	0.00123
893.4	0.00123
893.6	0.00123
893.8	0.00121
894.0	0.00121
894.2	0.0012
894.4	0.00119
894.6	0.00119
894.8	0.00118
895.0	0.00118
895.2	0.00119
895.4	0.00118
895.6	0.00118
895.8	0.00117
896.0	0.00116
896.2	0.00117
896.4	0.00115
896.6	0.00114
896.8	0.00113
897.0	0.00114
897.2	0.00114
897.4	0.00112
897.6	0.00112
897.8	0.00111
898.0	0.00111
898.2	0.0011
898.4	0.00108
898.6	0.00109
898.8	0.00109
899.0	0.00109
899.2	0.00111
899.4	0.00111
899.6	0.0011
899.8	0.0011
900.0	0.00109
900.2	0.00106
900.4	0.0011
900.6	0.00106
900.8	0.00108
901.0	0.00109
901.2	0.00109
901.4	0.00108
901.6	0.00107
901.8	0.00108
902.0	0.00107
902.2	0.00107
902.4	0.00106
902.6	0.00109
902.8	0.00105
903.0	0.00107
903.2	0.00106
903.4	0.00106
903.6	0.00108
903.8	0.00107
904.0	0.00105
904.2	0.00108
904.4	0.00106
904.6	0.00106
904.8	0.00106
905.0	0.00106
905.2	0.00107
905.4	0.00108
905.6	0.00108
905.8	0.00109
906.0	0.00108
906.2	0.00107
906.4	0.00107
906.6	0.00106
906.8	0.00108
907.0	0.00106
907.2	0.00109
907.4	0.00108
907.6	0.00109
907.8	0.00106
908.0	0.00106
908.2	0.00107
908.4	0.00108
908.6	0.00107
908.8	0.00108
909.0	0.00109
909.2	0.00108
909.4	0.00109
909.6	0.00108
909.8	0.0011
910.0	0.0011
910.2	0.0011
910.4	0.0011
910.6	0.0011
910.8	0.00109
911.0	0.0011
911.2	0.0011
911.4	0.0011
911.6	0.00111
911.8	0.00111
912.0	0.00112
912.2	0.00112
912.4	0.00112
912.6	0.00112
912.8	0.00113
913.0	0.00114
913.2	0.00115
913.4	0.00115
913.6	0.00116
913.8	0.00116
914.0	0.00114
914.2	0.00116
914.4	0.00117
914.6	0.00117
914.8	0.00117
915.0	0.00116
915.2	0.00117
915.4	0.00118
915.6	0.00118
915.8	0.00118
916.0	0.0012
916.2	0.00119
916.4	0.00122
916.6	0.00123
916.8	0.00123
917.0	0.00123
917.2	0.00125
917.4	0.00123
917.6	0.00123
917.8	0.00125
918.0	0.00126
918.2	0.00127
918.4	0.00126
918.6	0.00128
918.8	0.00128
919.0	0.00129
919.2	0.0013
919.4	0.00132
919.6	0.00131
919.8	0.00132
920.0	0.00132
920.2	0.00135
920.4	0.00134
920.6	0.00134
920.8	0.00136
921.0	0.00136
921.2	0.00135
921.4	0.00138
921.6	0.00139
921.8	0.0014
922.0	0.0014
922.2	0.0014
922.4	0.0014
922.6	0.00141
922.8	0.00145
923.0	0.00145
923.2	0.00145
923.4	0.00147
923.6	0.00148
923.8	0.00149
924.0	0.00145
924.2	0.0015
924.4	0.00151
924.6	0.00148
924.8	0.00151
925.0	0.0015
925.2	0.00152
925.4	0.00153
925.6	0.00153
925.8	0.00157
926.0	0.00157
926.2	0.00159
926.4	0.00159
926.6	0.00161
926.8	0.00161
927.0	0.00162
927.2	0.00163
927.4	0.00162
927.6	0.00167
927.8	0.00167
928.0	0.00167
928.2	0.00168
928.4	0.00169
928.6	0.0017
928.8	0.00171
929.0	0.00172
929.2	0.00173
929.4	0.00176
929.6	0.00178
929.8	0.00176
930.0	0.0018
930.2	0.00182
930.4	0.00183
930.6	0.0018
930.8	0.00182
931.0	0.00184
931.2	0.00185
931.4	0.00187
931.6	0.00188
931.8	0.00189
932.0	0.00189
932.2	0.0019
932.4	0.00191
932.6	0.00195
932.8	0.00196
933.0	0.00197
933.2	0.00197
933.4	0.00198
933.6	0.00201
933.8	0.00202
934.0	0.00205
934.2	0.00206
934.4	0.00208
934.6	0.00207
934.8	0.00208
935.0	0.00212
935.2	0.00214
935.4	0.00215
935.6	0.00216
935.8	0.00216
936.0	0.0022
936.2	0.0022
936.4	0.00221
936.6	0.00225
936.8	0.00224
937.0	0.00226
937.2	0.00227
937.4	0.00229
937.6	0.0023
937.8	0.00232
938.0	0.00236
938.2	0.00237
938.4	0.0024
938.6	0.00242
938.8	0.00241
939.0	0.00246
939.2	0.00244
939.4	0.00248
939.6	0.00253
939.8	0.00254
940.0	0.00255
940.2	0.00257
940.4	0.0026
940.6	0.00262
940.8	0.00261
941.0	0.00263
941.2	0.00265
941.4	0.00268
941.6	0.00271
941.8	0.00271
942.0	0.00273
942.2	0.00273
942.4	0.00279
942.6	0.00279
942.8	0.00285
943.0	0.00285
943.2	0.00287
943.4	0.0029
943.6	0.00291
943.8	0.00289
944.0	0.00294
944.2	0.00295
944.4	0.003
944.6	0.00302
944.8	0.00305
945.0	0.00309
945.2	0.00313
945.4	0.00313
945.6	0.00318
945.8	0.00318
946.0	0.00319
946.2	0.00324
946.4	0.00326
946.6	0.00328
946.8	0.00331
947.0	0.00332
947.2	0.00337
947.4	0.00335
947.6	0.00338
947.8	0.00344
948.0	0.00347
948.2	0.00352
948.4	0.00357
948.6	0.00356
948.8	0.0036
949.0	0.00361
949.2	0.00367
949.4	0.00368
949.6	0.00373
949.8	0.00376
950.0	0.00377
950.2	0.00379
950.4	0.00382
950.6	0.00383
950.8	0.00389
951.0	0.00395
951.2	0.00394
951.4	0.00397
951.6	0.00397
951.8	0.00403
952.0	0.00407
952.2	0.00411
952.4	0.00414
952.6	0.00416
952.8	0.00414
953.0	0.00421
953.2	0.00423
953.4	0.00422
953.6	0.0043
953.8	0.00435
954.0	0.00436
954.2	0.00434
954.4	0.00436
954.6	0.00439
954.8	0.00446
955.0	0.0045
955.2	0.00452
955.4	0.00455
955.6	0.00462
955.8	0.00467
956.0	0.00463
956.2	0.00472
956.4	0.00474
956.6	0.00475
956.8	0.00479
957.0	0.00482
957.2	0.00487
957.4	0.00489
957.6	0.00488
957.8	0.00495
958.0	0.00497
958.2	0.005
958.4	0.005
958.6	0.00505
958.8	0.00504
959.0	0.00509
959.2	0.00512
959.4	0.00516
959.6	0.00517
959.8	0.00517
960.0	0.00519
960.2	0.00519
960.4	0.00528
960.6	0.00526
960.8	0.00529
961.0	0.00528
961.2	0.00533
961.4	0.00536
961.6	0.00539
961.8	0.0054
962.0	0.00544
962.2	0.00544
962.4	0.00545
962.6	0.00549
962.8	0.00548
963.0	0.0055
963.2	0.0055
963.4	0.00554
963.6	0.00552
963.8	0.00553
964.0	0.00553
964.2	0.0056
964.4	0.00559
964.6	0.0056
964.8	0.00566
965.0	0.00561
965.2	0.0057
965.4	0.0057
965.6	0.00564
965.8	0.00567
966.0	0.00568
966.2	0.00566
966.4	0.00564
966.6	0.00565
966.8	0.00564
967.0	0.00559
967.2	0.0056
967.4	0.0056
967.6	0.0056
967.8	0.00563
968.0	0.00563
968.2	0.00561
968.4	0.00565
968.6	0.00568
968.8	0.00564
969.0	0.00561
969.2	0.00563
969.4	0.00563
969.6	0.00561
969.8	0.00562
970.0	0.00563
970.2	0.0056
970.4	0.00561
970.6	0.00559
970.8	0.00562
971.0	0.00563
971.2	0.0056
971.4	0.00563
971.6	0.00565
971.8	0.00566
972.0	0.00563
972.2	0.00561
972.4	0.00565
972.6	0.00561
972.8	0.00558
973.0	0.00558
973.2	0.00554
973.4	0.00554
973.6	0.00557
973.8	0.00552
974.0	0.00554
974.2	0.0055
974.4	0.00549
974.6	0.00546
974.8	0.00547
975.0	0.00544
975.2	0.00544
975.4	0.00543
975.6	0.00542
975.8	0.00541
976.0	0.00541
976.2	0.00535
976.4	0.00534
976.6	0.00538
976.8	0.00536
977.0	0.00532
977.2	0.00529
977.4	0.00531
977.6	0.00527
977.8	0.00523
978.0	0.00522
978.2	0.00523
978.4	0.00522
978.6	0.0052
978.8	0.00517
979.0	0.00521
979.2	0.00516
979.4	0.00518
979.6	0.00509
979.8	0.00511
980.0	0.00511
980.2	0.00509
980.4	0.00508
980.6	0.00509
980.8	0.00507
981.0	0.00506
981.2	0.00509
981.4	0.00506
981.6	0.00501
981.8	0.00502
982.0	0.00501
982.2	0.00496
982.4	0.00492
982.6	0.00493
982.8	0.00496
983.0	0.00495
983.2	0.00492
983.4	0.00492
983.6	0.00495
983.8	0.00494
984.0	0.00488
984.2	0.00483
984.4	0.00485
984.6	0.00485
984.8	0.00484
985.0	0.00483
985.2	0.0048
985.4	0.00483
985.6	0.0048
985.8	0.00478
986.0	0.00473
986.2	0.00471
986.4	0.00471
986.6	0.00473
986.8	0.00469
987.0	0.00465
987.2	0.00464
987.4	0.00465
987.6	0.00464
987.8	0.00463
988.0	0.00465
988.2	0.00463
988.4	0.00465
988.6	0.00465
988.8	0.00462
989.0	0.00462
989.2	0.00461
989.4	0.00456
989.6	0.00451
989.8	0.0045
990.0	0.00451
990.2	0.00452
990.4	0.00448
990.6	0.00451
990.8	0.00449
991.0	0.00449
991.2	0.00444
991.4	0.00441
991.6	0.00444
991.8	0.0044
992.0	0.00442
992.2	0.00444
992.4	0.00443
992.6	0.00445
992.8	0.00441
993.0	0.00443
993.2	0.00443
993.4	0.00438
993.6	0.00437
993.8	0.00436
994.0	0.00436
994.2	0.00434
994.4	0.00437
994.6	0.00432
994.8	0.0043
995.0	0.0043
995.2	0.0043
995.4	0.0043
995.6	0.00433
995.8	0.00431
996.0	0.00429
996.2	0.00425
996.4	0.00426
996.6	0.00422
996.8	0.0042
997.0	0.00424
997.2	0.00422
997.4	0.00421
997.6	0.00422
997.8	0.00417
998.0	0.00419
998.2	0.00418
998.4	0.00414
998.6	0.00421
998.8	0.00421
999.0	0.00419
999.2	0.00416
999.4	0.00413
999.6	0.00413
999.8	0.00416
1000.0	0.00412
1000.2	0.00416
1000.4	0.00411
1000.6	0.00416
1000.8	0.00416
1001.0	0.0042
1001.2	0.00418
1001.4	0.00416
1001.6	0.00412
1001.8	0.00417
1002.0	0.00413
1002.2	0.00416
1002.4	0.00419
1002.6	0.00415
1002.8	0.00413
1003.0	0.00416
1003.2	0.00418
1003.4	0.00414
1003.6	0.00418
1003.8	0.00421
1004.0	0.00416
1004.2	0.00419
1004.4	0.00424
1004.6	0.00421
1004.8	0.00422
1005.0	0.00426
1005.2	0.00423
1005.4	0.00421
1005.6	0.00421
1005.8	0.00419
1006.0	0.00422
1006.2	0.00425
1006.4	0.00426
1006.6	0.00425
1006.8	0.00433
1007.0	0.00426
1007.2	0.00422
1007.4	0.00426
1007.6	0.00418
1007.8	0.00423
1008.0	0.00426
1008.2	0.0043
1008.4	0.00431
1008.6	0.00431
1008.8	0.00429
1009.0	0.00427
1009.2	0.00428
1009.4	0.00428
1009.6	0.00428
1009.8	0.00427
1010.0	0.00429
1010.2	0.0043
1010.4	0.00429
1010.6	0.00433
1010.8	0.00435
1011.0	0.00439
1011.2	0.00433
1011.4	0.0044
1011.6	0.00441
1011.8	0.00445
1012.0	0.00454
1012.2	0.00452
1012.4	0.00445
1012.6	0.00449
1012.8	0.00455
1013.0	0.00446
1013.2	0.0045
1013.4	0.00448
1013.6	0.00453
1013.8	0.00457
1014.0	0.0046
1014.2	0.00453
1014.4	0.00462
1014.6	0.00456
1014.8	0.0046
1015.0	0.00468
1015.2	0.00466
1015.4	0.00463
1015.6	0.0047
1015.8	0.00465
1016.0	0.00473
1016.2	0.00474
1016.4	0.00474
1016.6	0.00474
1016.8	0.00483
1017.0	0.0048
1017.2	0.00481
1017.4	0.00483
1017.6	0.00492
1017.8	0.00491
1018.0	0.00486
1018.2	0.00497
1018.4	0.00496
1018.6	0.00499
1018.8	0.00495
1019.0	0.00503
1019.2	0.0051
1019.4	0.0051
1019.6	0.00514
1019.8	0.00509
1020.0	0.0052
1020.2	0.00518
1020.4	0.00524
1020.6	0.00522
1020.8	0.00523
1021.0	0.00521
1021.2	0.0053
1021.4	0.00532
1021.6	0.0053
1021.8	0.00538
1022.0	0.0054
1022.2	0.00545
1022.4	0.00547
1022.6	0.00548
1022.8	0.00548
1023.0	0.00554
1023.2	0.00558
1023.4	0.00556
1023.6	0.00567
1023.8	0.00566
1024.0	0.00567
1024.2	0.00576
1024.4	0.00582
1024.6	0.00585
1024.8	0.00581
1025.0	0.00579
1025.2	0.00579
1025.4	0.00584
1025.6	0.0059
1025.8	0.00591
1026.0	0.006
1026.2	0.00606
1026.4	0.00612
1026.6	0.00617
1026.8	0.00617
1027.0	0.00625
1027.2	0.00626
1027.4	0.00632
1027.6	0.00639
1027.8	0.00633
1028.0	0.00637
1028.2	0.00636
1028.4	0.00639
1028.6	0.00646
1028.8	0.00654
1029.0	0.00651
1029.2	0.00662
1029.4	0.00672
1029.6	0.00679
1029.8	0.00683
1030.0	0.00694
1030.2	0.00709
1030.4	0.00703
1030.6	0.0071
1030.8	0.00717
1031.0	0.00732
1031.2	0.00732
1031.4	0.00739
1031.6	0.00754
1031.8	0.00758
1032.0	0.00758
1032.2	0.00771
1032.4	0.0078
1032.6	0.00778
1032.8	0.00791
1033.0	0.00799
1033.2	0.00788
1033.4	0.00802
1033.6	0.00807
1033.8	0.00813
1034.0	0.00818
1034.2	0.00826
1034.4	0.00831
1034.6	0.00845
1034.8	0.00859
1035.0	0.00862
1035.2	0.00862
1035.4	0.00883
1035.6	0.00879
1035.8	0.0089
1036.0	0.00898
1036.2	0.00907
1036.4	0.00924
1036.6	0.00933
1036.8	0.00943
1037.0	0.00946
1037.2	0.00951
1037.4	0.00977
1037.6	0.00984
1037.8	0.01001
1038.0	0.01022
1038.2	0.01017
1038.4	0.01036
1038.6	0.01044
1038.8	0.01059
1039.0	0.01066
1039.2	0.01081
1039.4	0.01088
1039.6	0.01104
1039.8	0.01112
1040.0	0.01128
1040.2	0.01136
1040.4	0.01146
1040.6	0.01168
1040.8	0.01179
1041.0	0.01192
1041.2	0.01213
1041.4	0.0121
1041.6	0.01236
1041.8	0.01258
1042.0	0.01263
1042.2	0.01278
1042.4	0.01291
1042.6	0.01319
1042.8	0.0133
1043.0	0.01363
1043.2	0.01375
1043.4	0.01383
1043.6	0.01394
1043.8	0.01429
1044.0	0.01446
1044.2	0.0147
1044.4	0.01483
1044.6	0.01506
1044.8	0.01535
1045.0	0.0154
1045.2	0.01567
1045.4	0.01582
1045.6	0.01617
1045.8	0.01648
1046.0	0.01662
1046.2	0.01664
1046.4	0.01705
1046.6	0.01723
1046.8	0.01766
1047.0	0.01789
1047.2	0.01816
1047.4	0.01871
1047.6	0.01893
1047.8	0.019
1048.0	0.01947
1048.2	0.01966
1048.4	0.01985
1048.6	0.02017
1048.8	0.02057
1049.0	0.02059
1049.2	0.02121
1049.4	0.02158
1049.6	0.02197
1049.8	0.02259
1050.0	0.02261
1050.2	0.02312
1050.4	0.02329
1050.6	0.02367
1050.8	0.02432
1051.0	0.02492
1051.2	0.02541
1051.4	0.02587
1051.6	0.02608
1051.8	0.02667
1052.0	0.02693
1052.2	0.02728
1052.4	0.02812
1052.6	0.0287
1052.8	0.02909
1053.0	0.02979
1053.2	0.03014
1053.4	0.03108
1053.6	0.03135
1053.8	0.03194
1054.0	0.03283
1054.2	0.03323
1054.4	0.03384
1054.6	0.03484
1054.8	0.0352
1055.0	0.03601
1055.2	0.03653
1055.4	0.03704
1055.6	0.03796
1055.8	0.03883
1056.0	0.0396
1056.2	0.04046
1056.4	0.04164
1056.6	0.0428
1056.8	0.04364
1057.0	0.04468
1057.2	0.04545
1057.4	0.04657
1057.6	0.04759
1057.8	0.04843
1058.0	0.04936
1058.2	0.05084
1058.4	0.0515
1058.6	0.0527
1058.8	0.0543
1059.0	0.05486
1059.2	0.05656
1059.4	0.05769
1059.6	0.05919
1059.8	0.06112
1060.0	0.06254
1060.2	0.06417
1060.4	0.06618
1060.6	0.0673
1060.8	0.06918
1061.0	0.07127
1061.2	0.07386
1061.4	0.07531
1061.6	0.07735
1061.8	0.07918
1062.0	0.08143
1062.2	0.08336
1062.4	0.08564
1062.6	0.08784
1062.8	0.09023
1063.0	0.09226
1063.2	0.09504
1063.4	0.09674
1063.6	0.09936
1063.8	0.10265
1064.0	0.10551
1064.2	0.1088
1064.4	0.11235
1064.6	0.11511
1064.8	0.11899
1065.0	0.12409
1065.2	0.12809
1065.4	0.13235
1065.6	0.13619
1065.8	0.14077
1066.0	0.14494
1066.2	0.14993
1066.4	0.15379
1066.6	0.15764
1066.8	0.1622
1067.0	0.16846
1067.2	0.17361
1067.4	0.17778
1067.6	0.183
1067.8	0.18933
1068.0	0.19493
1068.2	0.19932
1068.4	0.20434
1068.6	0.21058
1068.8	0.21623
1069.0	0.22267
1069.2	0.22849
1069.4	0.23511
1069.6	0.24244
1069.8	0.24982
1070.0	0.25468
1070.2	0.26314
1070.4	0.26793
1070.6	0.27644
1070.8	0.2852
1071.0	0.29386
1071.2	0.29981
1071.4	0.30608
1071.6	0.31284
1071.8	0.31948
1072.0	0.32641
1072.2	0.33408
1072.4	0.33915
1072.6	0.34462
1072.8	0.35094
1073.0	0.36112
1073.2	0.36553
1073.4	0.37151
1073.6	0.37869
1073.8	0.38676
1074.0	0.39242
1074.2	0.3985
1074.4	0.40303
1074.6	0.4129
1074.8	0.41871
1075.0	0.42342
1075.2	0.42884
1075.4	0.43305
1075.6	0.43804
1075.8	0.44171
1076.0	0.44354
1076.2	0.44711
1076.4	0.45023
1076.6	0.45279
1076.8	0.45697
1077.0	0.45795
1077.2	0.45884
1077.4	0.45927
1077.6	0.45832
1077.8	0.4587
1078.0	0.45984
1078.2	0.45681
1078.4	0.45491
1078.6	0.45445
1078.8	0.45215
1079.0	0.44627
1079.2	0.44033
1079.4	0.43766
1079.6	0.43427
1079.8	0.43186
1080.0	0.42871
1080.2	0.42554
1080.4	0.4228
1080.6	0.41639
1080.8	0.41304
1081.0	0.40567
1081.2	0.40225
1081.4	0.39662
1081.6	0.39155
1081.8	0.38542
1082.0	0.38048
1082.2	0.37776
1082.4	0.37182
1082.6	0.36481
1082.8	0.35803
1083.0	0.35078
1083.2	0.34573
1083.4	0.34129
1083.6	0.33587
1083.8	0.33183
1084.0	0.32654
1084.2	0.32304
1084.4	0.31799
1084.6	0.31172
1084.8	0.30478
1085.0	0.29967
1085.2	0.29426
1085.4	0.29047
1085.6	0.28645
1085.8	0.28191
1086.0	0.27746
1086.2	0.27125
1086.4	0.26704
1086.6	0.2646
1086.8	0.26083
1087.0	0.25674
1087.2	0.25336
1087.4	0.25007
1087.6	0.24547
1087.8	0.24268
1088.0	0.23745
1088.2	0.23494
1088.4	0.23033
1088.6	0.22761
1088.8	0.22447
1089.0	0.2221
1089.2	0.22078
1089.4	0.21733
1089.6	0.21495
1089.8	0.21209
1090.0	0.20311
1090.2	0.20414
1090.4	0.20164
1090.6	0.20021
1090.8	0.19759
1091.0	0.19533
1091.2	0.1927
1091.4	0.19112
1091.6	0.18817
1091.8	0.18579
1092.0	0.18392
1092.2	0.18193
1092.4	0.17984
1092.6	0.17803
1092.8	0.17681
1093.0	0.17535
1093.2	0.17317
1093.4	0.17088
1093.6	0.16891
1093.8	0.16704
1094.0	0.16519
1094.2	0.16329
1094.4	0.1622
1094.6	0.15972
1094.8	0.1585
1095.0	0.15731
1095.2	0.15689
1095.4	0.15638
1095.6	0.15513
1095.8	0.15399
1096.0	0.1518
1096.2	0.151
1096.4	0.14927
1096.6	0.14901
1096.8	0.14835
1097.0	0.14772
1097.2	0.14661
1097.4	0.14523
1097.6	0.14417
1097.8	0.14365
1098.0	0.14211
1098.2	0.14091
1098.4	0.1396
1098.6	0.13918
1098.8	0.13809
1099.0	0.13731
1099.2	0.13632
1099.4	0.13617
1099.6	0.13655
1099.8	0.13632
1100.0	0.13577
1100.2	0.13544
1100.4	0.13537
1100.6	0.13512
1100.8	0.13396
1101.0	0.13347
1101.2	0.13344
1101.4	0.13362
1101.6	0.13365
1101.8	0.13335
1102.0	0.13296
1102.2	0.13176
1102.4	0.13101
1102.6	0.13097
1102.8	0.13042
1103.0	0.12975
1103.2	0.13043
1103.4	0.13017
1103.6	0.13026
1103.8	0.12901
1104.0	0.13072
1104.2	0.1298
1104.4	0.12917
1104.6	0.12957
1104.8	0.12892
1105.0	0.12902
1105.2	0.12905
1105.4	0.12914
1105.6	0.13021
1105.8	0.12995
1106.0	0.13018
1106.2	0.13028
1106.4	0.13043
1106.6	0.13129
1106.8	0.13138
1107.0	0.13067
1107.2	0.13197
1107.4	0.13192
1107.6	0.13153
1107.8	0.13137
1108.0	0.13288
1108.2	0.13324
1108.4	0.13388
1108.6	0.1353
1108.8	0.13574
1109.0	0.13562
1109.2	0.1363
1109.4	0.13761
1109.6	0.1389
1109.8	0.13852
1110.0	0.13923
1110.2	0.14089
1110.4	0.14273
1110.6	0.14289
1110.8	0.14331
1111.0	0.14478
1111.2	0.14595
1111.4	0.14617
1111.6	0.14827
1111.8	0.15016
1112.0	0.15075
1112.2	0.15212
1112.4	0.15282
1112.6	0.15505
1112.8	0.15719
1113.0	0.15832
1113.2	0.16095
1113.4	0.16269
1113.6	0.16539
1113.8	0.16807
1114.0	0.17056
1114.2	0.17343
1114.4	0.17679
1114.6	0.18028
1114.8	0.18361
1115.0	0.18641
1115.2	0.19148
1115.4	0.19491
1115.6	0.2002
1115.8	0.20466
1116.0	0.20971
1116.2	0.21514
1116.4	0.22041
1116.6	0.22662
1116.8	0.23347
1117.0	0.23995
1117.2	0.25003
1117.4	0.25872
1117.6	0.268
1117.8	0.27811
1118.0	0.28838
1118.2	0.29976
1118.4	0.31052
1118.6	0.3234
1118.8	0.33518
1119.0	0.35188
1119.2	0.36631
1119.4	0.38159
1119.6	0.39711
1119.8	0.41155
1120.0	0.42834

