lambda	exc	em
400	1.3190552	0
401	1.3190552	0
402	1.3190552	0
403	1.320056	0
404	1.3680945	0
405	1.4171337	0
406	1.4691753	0
407	1.5352282	0
408	1.6413131	0
409	1.7544035	0
410	1.8755004	0
411	1.9825861	0
412	2.0936749	0
413	2.2117694	0
414	2.2938351	0
415	2.3498799	0
416	2.4069255	0
417	2.4719776	0
418	2.5620496	0
419	2.6591273	0
420	2.7832266	0
421	2.9133307	0
422	3.0684548	0
423	3.2936349	0
424	3.4567654	0
425	3.5708567	0
426	3.8170536	0
427	4.0932746	0
428	4.3905124	0
429	4.5946757	0
430	4.7227782	0
431	4.8538831	0
432	5.1881505	0
433	5.5964772	0
434	5.9367494	0
435	6.2860288	0
436	6.6513211	0
437	6.9285428	0
438	7.1567254	0
439	7.5840673	0
440	8.0424339	0
441	8.6108887	0
442	9.1383106	0
443	9.5916733	0
444	10.135108	0
445	10.760608	0
446	11.332066	0
447	11.784428	0
448	12.416934	0
449	12.876301	0
450	13.327662	0
451	14.045236	0
452	14.797838	0
453	15.607486	0
454	16.429143	0
455	17.22478	0
456	18.122498	0
457	19.026221	0
458	20.096077	0
459	21.125901	0
460	22.460969	0
461	23.477782	0
462	24.810849	0
463	26.678343	0
464	28.725981	0
465	29.519616	0
466	30.772618	0
467	32.042634	0
468	33.967174	0
469	35.797638	0
470	37.101681	0
471	38.965172	0.27107583
472	40.654524	0.31508814
473	42.391914	0.36710269
474	43.521817	0.41411584
475	44.481585	0.41411584
476	45.893715	0.41411584
477	47.529023	0.41411584
478	48.082466	0.41411584
479	49.017214	0.41411584
480	49.468575	0.41411584
481	50.171137	0.41411584
482	51.043835	0.47613319
483	51.706365	0.56015669
484	53.405725	0.66018467
485	54.390512	0.86224119
486	55.609488	1.2183408
487	57.435949	1.5564354
488	59.207366	1.8145076
489	60.800641	2.0775812
490	63.717974	2.3826665
491	65.736589	2.7537703
492	68.054444	3.2779169
493	70.825661	3.8920887
494	72.909327	4.6883115
495	75.639512	6.0196839
496	78.983187	7.5091005
497	81.679343	8.958506
498	84.565653	12.11739
499	87.777222	15.083219
500	89.805845	18.44516
501	93.761009	21.686066
502	95.803643	26.052288
503	97.285829	31.143712
504	99.326461	35.321881
505	99.773819	40.832422
506	99.796837	48.034437
507	99.157326	53.887074
508	97.489992	60.505925
509	95.194155	67.763956
510	92.035629	74.296783
511	86.831465	78.438942
512	81.746397	87.332429
513	75.384307	91.833689
514	68.116493	95.768789
515	62.241793	98.126449
516	55.351281	99.680884
517	47.903323	99.940956
518	42.18775	99.363795
519	35.535428	97.358234
520	30.569456	94.87854
521	23.364692	92.222797
522	19.601681	88.780835
523	16.326061	84.68969
524	14.061249	79.739305
525	11.731385	76.498399
526	8.9281425	73.206478
527	6.7914331	69.03031
528	5.5794636	64.615075
529	4.7207766	61.77428
530	3.7980384	58.45035
531	3.0304243	55.16043
532	2.434948	52.298629
533	1.9755805	49.873951
534	1.6052842	48.454554
535	1.310048	46.082891
536	1.0738591	43.396139
537	0.89771817	41.439592
538	0.75160128	39.882156
539	0.6285028	38.397741
540	0.59347478	36.930331
541	0.56345076	35.46292
542	0.53342674	34.316599
543	0.50640512	33.233296
544	0.43134508	32.204008
545	0.36729384	31.439795
546	0.3122498	30.675581
547	0.26521217	29.911367
548	0.26421137	29.247181
549	0.26421137	28.626008
550	0.26421137	28.004834
551	0.26421137	27.38466
552	0.26421137	26.697468
553	0.26421137	25.924252
554	0.26421137	25.150035
555	0.26421137	24.375819
556	0.26421137	23.673622
557	0.26421137	23.003435
558	0.26421137	22.333247
559	0.26421137	21.563032
560	0.26421137	20.629771
561	0.26421137	19.69651
562	0.26421137	18.76925
563	0.26421137	17.865998
564	0.26421137	16.962745
565	0.26421137	16.0875
566	0.26421137	15.334289
567	0.26421137	14.582079
568	0.26421137	13.829869
569	0.26421137	13.146678
570	0.26421137	12.600525
571	0.26421137	12.053372
572	0.26421137	11.507219
573	0.26421137	10.899049
574	0.26421137	10.167844
575	0.26421137	9.4856534
576	0.26421137	8.8494755
577	0.26421137	8.3583381
578	0.26421137	8.0222441
579	0.26421137	7.6991537
580	0.26421137	7.3890669
581	0.26421137	7.0919838
582	0.26421137	6.8069041
583	0.26421137	6.4938165
584	0.26421137	6.1907317
585	0.26421137	5.9016509
586	0.26421137	5.6265739
587	0.26421137	5.3635003
588	0.26421137	5.1134304
589	0.25420336	4.8863669
590	0.23819055	4.6753078
591	0.22317854	4.472251
592	0.20916733	4.279197
593	0.19515612	4.093145
594	0.18314652	3.9160954
595	0.17113691	3.7470482
596	0.1611289	3.5870034
597	0.1501201	3.4349609
598	0.14511609	3.28892
599	0.1551241	3.1498811
600	0.16613291	3.0158436
601	0.17714171	2.8878078
602	0.18915132	2.7907807
603	0.20216173	2.727763
604	0.21517214	2.6657457
605	0.23018415	2.6047286
606	0.24519616	2.5457121
607	0.26220977	2.4876959
608	0.26421137	2.4286794
609	0.26421137	2.2926413
610	0.26421137	2.1646055
611	0.26421137	2.0445719
612	0.26421137	1.93054
613	0.26421137	1.8225098
614	0.26421137	1.7214815
615	0.26421137	1.6254547
616	0.26421137	1.5324287
617	0.26421137	1.4404029
618	0.26421137	1.3543789
619	0.26421137	1.2743565
620	0.26421137	1.1983352
621	0.26421137	1.1263151
622	0.26421137	1.0662983
623	0.26421137	1.0202854
624	0.26421137	0.97627309
625	0.26421137	0.93426134
626	0.26421137	0.89324987
627	0.26421137	0.85523924
628	0.26421137	0.81822888
629	0.26421137	0.78421937
630	0	0.75221042
631	0	0.72220202
632	0	0.69419419
633	0	0.66618635
634	0	0.6391788
635	0	0.6141718
636	0	0.59416621
637	0	0.57916201
638	0	0.56515809
639	0	0.55115417
640	0	0.53815054
641	0	0.5251469
642	0	0.51214326
643	0	0.48913683
644	0	0.45612759
645	0	0.42511892
646	0	0.3961108
647	0	0.36910325
648	0	0.34409625
649	0	0.32108982
650	0	0.3120873
651	0	0.3120873
652	0	0.3120873
653	0	0.3120873
654	0	0.3120873
655	0	0.3120873
656	0	0.3120873
657	0	0.32008954
658	0	0.3320929
659	0	0.34409625
660	0	0.35609961
661	0	0.36910325
662	0	0.38210689
663	0	0.39511052
664	0	0.4011122
665	0	0.32409066
666	0	0.26207331
667	0	0.21105904
668	0	0.17104785
669	0	0.13803861
670	0	0.12503498
671	0	0.14504057
672	0	0.16804701
673	0	0.19405428
674	0	0.22506296
675	0	0.26107303
676	0	0.30308478
677	0	0.35109821
678	0	0.40711388
679	0	0.37110381
680	0	0.3370943
681	0	0.30608562
682	0	0.27807779
683	0	0.25207051
684	0	0.22906408
685	0	0.2230624
686	0	0.24606883
687	0	0.27107583
688	0	0.29808338
689	0	0.32809178
690	0	0.36210129
691	0	0.39811136
692	0	0.37710549
693	0	0.33909485
694	0	0.30508534
695	0	0.27407667
696	0	0.24606883
697	0	0.22106184
698	0	0
699	0	0
700	0	0
701	0	0
702	0	0
703	0	0
704	0	0
705	0	0
706	0	0
707	0	0
708	0	0
709	0	0
710	0	0
711	0	0
712	0	0
713	0	0
714	0	0
715	0	0
716	0	0
717	0	0
718	0	0
719	0	0
720	0	0
721	0	0
722	0	0
723	0	0
724	0	0
725	0	0
726	0	0
727	0	0
728	0	0
729	0	0
730	0	0
731	0	0
732	0	0
733	0	0
734	0	0
735	0	0
736	0	0
737	0	0
738	0	0
739	0	0
740	0	0
741	0	0
742	0	0
743	0	0
744	0	0
745	0	0
746	0	0
747	0	0
748	0	0
749	0	0
750	0	0
751	0	0
752	0	0
753	0	0
754	0	0
755	0	0
756	0	0
757	0	0
758	0	0
759	0	0
760	0	0
761	0	0
762	0	0
763	0	0
764	0	0
765	0	0
766	0	0
767	0	0
768	0	0
769	0	0
770	0	0
771	0	0
772	0	0
773	0	0
774	0	0
775	0	0
776	0	0
777	0	0
778	0	0
779	0	0
780	0	0
781	0	0
782	0	0
783	0	0
784	0	0
785	0	0
786	0	0
787	0	0
788	0	0
789	0	0
790	0	0
791	0	0
792	0	0
793	0	0
794	0	0
795	0	0
796	0	0
797	0	0
798	0	0
799	0	0
800	0	0
