Wavelength_nm	Transmission
350	1.04985e-06
351	1.69774e-06
352	2.3723e-06
353	6.56e-07
354	3.05645e-06
355	0
356	4.16983e-06
357	4.84525e-06
358	0
359	2.49952e-06
360	3.47955e-06
361	2.55018e-06
362	2.35196e-06
363	0
364	3.76227e-06
365	8.96403e-06
366	1.20004e-06
367	2.4758e-06
368	2.76336e-06
369	5.44782e-06
370	4.58427e-06
371	4.7767e-06
372	4.06861e-06
373	4.61813e-06
374	4.12942e-06
375	1.8609e-06
376	2.50943e-06
377	2.40568e-06
378	3.28185e-06
379	3.03657e-06
380	2.48949e-06
381	1.93715e-06
382	1.2405e-06
383	1.71556e-06
384	5.16e-07
385	0
386	2.65178e-06
387	2.35604e-06
388	3.43157e-06
389	4.16861e-06
390	3.38392e-06
391	0
392	2.16236e-06
393	9.7e-07
394	4.83746e-06
395	3.7e-07
396	3.18221e-06
397	6.87285e-06
398	1.18317e-06
399	3.0629e-06
400	0
401	3.2654e-06
402	2.05041e-06
403	4.63437e-06
404	4.72e-07
405	1.72997e-06
406	6.34e-08
407	1.8183e-06
408	3.5871e-06
409	1.39252e-06
410	0
411	1.05366e-06
412	2.70727e-06
413	1.55053e-06
414	3.48439e-06
415	1.58444e-06
416	3.01727e-06
417	0
418	1.7827e-06
419	3.79169e-06
420	1.06408e-06
421	1.94846e-06
422	3.42361e-06
423	2.31919e-06
424	3.47786e-06
425	3.60677e-06
426	2.47274e-06
427	3.25883e-06
428	2.74075e-06
429	2.5149e-06
430	1.45491e-06
431	2.12878e-06
432	6.05591e-06
433	4.63637e-06
434	1.62422e-06
435	1.46056e-06
436	2.83109e-06
437	4.54408e-06
438	4.37468e-06
439	6.27e-07
440	1.98286e-06
441	2.41346e-06
442	2.59135e-06
443	2.81e-07
444	9.81e-07
445	3.72044e-06
446	3.37619e-06
447	1.13487e-06
448	2.50059e-06
449	4.01494e-06
450	1.66925e-06
451	1.30483e-06
452	3.90699e-06
453	1.15377e-06
454	3.58759e-06
455	2.35327e-06
456	2.86251e-06
457	2.40823e-06
458	2.91208e-06
459	0
460	1.09e-07
461	5.32696e-06
462	0
463	2.14863e-06
464	2.94389e-06
465	3.18288e-06
466	1.37067e-06
467	2.12981e-06
468	2.66974e-06
469	1.96188e-06
470	2.52632e-06
471	3.4859e-06
472	4.33362e-06
473	5.06708e-06
474	1.42382e-06
475	2.20408e-06
476	3.07908e-06
477	3.02766e-06
478	4.307e-06
479	2.96781e-06
480	2.46782e-06
481	2.90827e-06
482	1.89308e-06
483	1.49461e-06
484	4.11415e-06
485	2.94445e-06
486	2.84724e-06
487	2.49647e-06
488	1.64593e-06
489	3.58629e-06
490	3.50231e-06
491	3.76522e-06
492	5.67423e-06
493	1.061505e-05
494	2.224319e-05
495	7.027307e-05
496	0.00025244752
497	0.0011874481
498	0.0073901254
499	0.069081016
500	0.44973133
501	0.91330818
502	0.98101273
503	0.9824778
504	0.97834167
505	0.9835247
506	0.98389915
507	0.97092552
508	0.9643425
509	0.97292145
510	0.98430206
511	0.98464775
512	0.97960976
513	0.97917519
514	0.98347183
515	0.98661743
516	0.98820915
517	0.9889109
518	0.98773842
519	0.98683296
520	0.98678116
521	0.98784866
522	0.98758148
523	0.98895714
524	0.98861275
525	0.98509453
526	0.98022064
527	0.98054916
528	0.98518303
529	0.98670692
530	0.98188644
531	0.97752205
532	0.97907082
533	0.98253212
534	0.98426491
535	0.98523819
536	0.98219994
537	0.96690811
538	0.96158066
539	0.77670227
540	0.26905384
541	0.040461855
542	0.0064990413
543	0.0014464569
544	0.00039101891
545	0.0001292215
546	4.911658e-05
547	1.884941e-05
548	1.059553e-05
549	6.81018e-06
550	3.08203e-06
551	4.58187e-06
552	1.96437e-06
553	3.52873e-06
554	2.1597e-06
555	2.27892e-06
556	4.02729e-06
557	3.62943e-06
558	3.83577e-06
559	3.52027e-06
560	0
561	3.47601e-06
562	2.99742e-06
563	2.25055e-06
564	2.41477e-06
565	1.95595e-06
566	2.5323e-06
567	2.65181e-06
568	2.79301e-06
569	1.41e-07
570	3.75444e-06
571	9.92e-07
572	1.44679e-06
573	2.28124e-06
574	0
575	3.44802e-06
576	3.01124e-06
577	7.81e-07
578	3.24597e-06
579	0
580	4.0185e-06
581	3.5587e-06
582	7.89e-07
583	1.97693e-06
584	9.01e-07
585	1.05493e-06
586	2.83448e-06
587	0
588	0
589	3.36892e-06
590	2.14715e-06
591	0
592	2.88973e-06
593	9.21e-07
594	2.07918e-06
595	6.21e-07
596	2.34706e-06
597	3.09163e-06
598	2.3676e-06
599	4.17372e-06
600	2.54776e-06
601	2.15557e-06
602	1.01458e-06
603	9.54e-07
604	2.64783e-06
605	7.38e-07
606	0
607	1.92322e-06
608	2.93563e-06
609	5.44015e-06
610	1.59699e-06
611	2.4775e-06
612	3.97866e-06
613	2.72333e-06
614	3.33228e-06
615	1.86e-07
616	2.22222e-06
617	2.67973e-06
618	3.28015e-06
619	1.90899e-06
620	1.64794e-06
621	2.29685e-06
622	3.16228e-06
623	4.11727e-06
624	4.15966e-06
625	2.10417e-06
626	1.8007e-06
627	3.36246e-06
628	2.39202e-06
629	2.06097e-06
630	9.72e-07
631	7.8e-07
632	2.44723e-06
633	2.61e-07
634	1.39021e-06
635	3.09082e-06
636	3.00459e-06
637	2.66686e-06
638	3.25943e-06
639	3.64e-07
640	3.1185e-06
641	7.42088e-06
642	3.14699e-06
643	3.07536e-06
644	1.13237e-06
645	3.49015e-06
646	1.49194e-06
647	2.20642e-06
648	2.64723e-06
649	1.59217e-06
650	2.22814e-06
651	1.86928e-06
652	1.54273e-06
653	2.10092e-06
654	3.29173e-06
655	5.26e-07
656	4.37921e-06
657	2.37025e-06
658	6.63e-08
659	4.18319e-06
660	4.07234e-06
661	7.13863e-06
662	1.97653e-06
663	1.21105e-06
664	2.86548e-06
665	2.61415e-06
666	1.00088e-06
667	0
668	2.69729e-06
669	1.37967e-06
670	1.69212e-06
671	2.41884e-06
672	2.62288e-06
673	2.86076e-06
674	3.34903e-06
675	0
676	2.89569e-06
677	3.08012e-06
678	3.45644e-06
679	1.66998e-06
680	2.50248e-06
681	2.85683e-06
682	2.86709e-06
683	2.62e-07
684	6.47e-07
685	3.71138e-06
686	2.51552e-06
687	1.91479e-06
688	2.16432e-06
689	3.47631e-06
690	7e-07
691	5.30327e-06
692	1.05544e-06
693	2.05352e-06
694	3.66917e-06
695	2.60296e-06
696	4.63e-07
697	2.56423e-06
698	1.62769e-06
699	5.91155e-06
700	6.3055e-06
701	3.00433e-06
702	6.27229e-06
703	3.38952e-06
704	4.59633e-06
705	3.75757e-06
706	7.21e-07
707	4.8442e-06
708	4.2983e-06
709	3.87826e-06
710	8.22363e-06
711	3.8586e-06
712	5.2636e-06
713	4.11669e-06
714	2.72496e-06
715	4.4357e-06
716	4.31845e-06
717	6.0597e-06
718	4.791e-06
719	5.24548e-06
720	2.3837e-06
721	3.59553e-06
722	2.4882e-06
723	4.43287e-06
724	4.08588e-06
725	4.00973e-06
726	3.83998e-06
727	5.7111e-06
728	3.28835e-06
729	5.44818e-06
730	0
731	4.40629e-06
732	5.97052e-06
733	3.11674e-06
734	7.1402e-06
735	5.62244e-06
736	8.14888e-06
737	1.778325e-05
738	1.457886e-05
739	9.75643e-06
740	6.33656e-06
741	5.17085e-06
742	4.53628e-06
743	4.17501e-06
744	2.96525e-06
745	4.47284e-06
746	3.5635e-06
747	5.77011e-06
748	6.20303e-06
749	4.16036e-06
750	6.05213e-06
751	6.41005e-06
752	5.54096e-06
753	6.13482e-06
754	7.13142e-06
755	5.28307e-06
756	8.89587e-06
757	6.26198e-06
758	6.99844e-06
759	5.35251e-06
760	3.71481e-06
761	6.6554e-06
762	6.63642e-06
763	3.44299e-06
764	1.012013e-05
765	7.72351e-06
766	9.60298e-06
767	1.060446e-05
768	1.180045e-05
769	6.64308e-06
770	7.4278e-06
771	7.59837e-06
772	5.35824e-06
773	6.12702e-06
774	4.3334e-06
775	4.78143e-06
776	4.94371e-06
777	6.05794e-06
778	4.00657e-06
779	5.94986e-06
780	5.38492e-06
781	6.54451e-06
782	4.59068e-06
783	7.2958e-06
784	5.30329e-06
785	6.3014e-06
786	8.53263e-06
787	1.1056e-05
788	8.66466e-06
789	9.43251e-06
790	5.76009e-06
791	9.98036e-06
792	9.70726e-06
793	7.3171e-06
794	8.88547e-06
795	1.373627e-05
796	8.53059e-06
797	8.82411e-06
798	9.73054e-06
799	1.138336e-05
800	1.124761e-05
801	2.27761e-05
802	1.385101e-05
803	9.43372e-06
804	1.56301e-05
805	1.92379e-05
806	1.068908e-05
807	1.289598e-05
808	1.237687e-05
809	1.284933e-05
810	1.010713e-05
811	1.009801e-05
812	1.061867e-05
813	5.80663e-06
814	1.564732e-05
815	6.60445e-06
816	2.281461e-05
817	9.5368e-06
818	1.213945e-05
819	1.182584e-05
820	9.98044e-06
821	4.38242e-06
822	0
823	1.438417e-05
824	1.357523e-05
825	5.12556e-06
826	1.032792e-05
827	1.879956e-05
828	1.500165e-05
829	2.018175e-05
830	0
831	1.389746e-05
832	5.99499e-06
833	2.63106e-05
834	9.86845e-06
835	3.74281e-06
836	7.35549e-06
837	0
838	4.4343e-06
839	1.66297e-06
840	2.39341e-06
841	0
842	3.70248e-06
843	0
844	6.56399e-06
845	5.74094e-06
846	8.6963e-06
847	1.050083e-05
848	1.597578e-05
849	2.298875e-05
850	1.045308e-05
