Wavelength_nm	Excitation	Emission
350	0.39835051	0.16188797
351	0.35447411	0.30503038
352	0.36769314	0.12259444
353	0.30980403	0.27107816
354	0.31788346	0.086436283
355	0.24318245	0.20110613
356	0.23962135	0.05900578
357	0.14928194	0.1210795
358	0.12747854	0.029306205
359	0.11273799	0.052084939
360	0.19257938	0.0331456
361	0.11104022	0.12000128
362	0.12652064	0.016462155
363	0.10987604	0.039495191
364	0.1175558	0.04018815
365	0.10075864	0.036867849
366	0.066535297	0.034510705
367	0.15696177	0.014592502
368	0.10375068	0.09099365
369	0.12415121	0.019494497
370	0.23036695	0.036367669
371	0.38874789	0.14167456
372	0.28050916	0.33822384
373	0.16870171	0.057820619
374	0.28614123	0.06086651
375	0.28990715	0.25177672
376	0.32329811	0.093113259
377	0.25645099	0.29978994
378	0.22903893	0.05090896
379	0.26476899	0.10158944
380	0.20432206	0.16553758
381	0.33141374	0.057052026
382	0.29102022	0.27255331
383	0.20615802	0.087336888
384	0.29998089	0.0856984
385	0.22780559	0.22174144
386	0.21596686	0.052806543
387	0.35980183	0.096104069
388	0.26466169	0.27763809
389	0.17739601	0.054747026
390	0.287376	0.067770502
391	0.32530534	0.17248405
392	0.35567359	0.14082335
393	0.5009604	0.15914633
394	0.68875366	0.42290186
395	0.95731233	0.95069202
396	0.96051695	0.9582656
397	0.96924167	0.97730143
398	0.966494	0.96684138
399	0.97000769	0.98079553
400	0.96817156	0.97133282
401	0.97125611	0.97822324
402	0.96847515	0.97483602
403	0.96959222	0.97124789
404	0.97169529	0.97844492
405	0.96676818	0.96747453
406	0.97138302	0.97299285
407	0.97000579	0.97357942
408	0.96639328	0.9640207
409	0.97206238	0.97271035
410	0.96833434	0.96737891
411	0.96642169	0.96148038
412	0.97128696	0.97020711
413	0.96676138	0.96238873
414	0.96693981	0.96015245
415	0.97172394	0.96843414
416	0.96802707	0.96159826
417	0.96702328	0.95811618
418	0.9715236	0.96592744
419	0.96976137	0.96257333
420	0.96761409	0.95704694
421	0.97165957	0.96380873
422	0.97183157	0.96428603
423	0.96863468	0.95715917
424	0.97128608	0.96101759
425	0.97384357	0.96589444
426	0.9711913	0.96003986
427	0.97144017	0.95908266
428	0.97474926	0.96551805
429	0.97420853	0.96451537
430	0.97353645	0.96119747
431	0.97645729	0.96530469
432	0.9769315	0.96720787
433	0.97429559	0.96328719
434	0.97488187	0.96420094
435	0.97758384	0.96879201
436	0.97808082	0.96858674
437	0.97850969	0.96732798
438	0.98012289	0.96918827
439	0.97979475	0.96908538
440	0.97877582	0.96724085
441	0.98026984	0.96894337
442	0.98143445	0.97086813
443	0.98060588	0.96990144
444	0.98089341	0.97000751
445	0.98206952	0.97118472
446	0.98173516	0.97070109
447	0.98160983	0.97102865
448	0.98268202	0.9723133
449	0.98263343	0.97125205
450	0.98224475	0.9710186
451	0.98345302	0.97385905
452	0.98377361	0.97337962
453	0.98255724	0.97024387
454	0.98360795	0.97344401
455	0.98575696	0.97826816
456	0.98451744	0.97422044
457	0.98318458	0.97072759
458	0.98577846	0.97765174
459	0.98700617	0.9810511
460	0.9842887	0.97359883
461	0.98462046	0.97322312
462	0.98759706	0.98151697
463	0.98531349	0.97781166
464	0.98259521	0.96942126
465	0.98708337	0.97816687
466	0.98883408	0.98648257
467	0.98254947	0.97478998
468	0.98383356	0.97249821
469	0.99022745	0.98743111
470	0.98251817	0.9811953
471	0.97888266	0.97159868
472	0.99234651	0.99063654
473	0.98065882	0.98434914
474	0.97365945	0.98754196
475	0.95097244	0.91219441
476	0.70103538	0.48172588
477	0.48368669	0.33114676
478	0.68858962	0.91335006
479	0.33493319	0.028859104
480	0.35574363	0.0029402942
481	0.039390926	0.00061324734
482	0.0082140584	0.00018812006
483	0.0027901717	7.5156725e-05
484	0.0012899239	3.683136e-05
485	0.00074858764	2.1382939e-05
486	0.00052321717	1.4410918e-05
487	0.00043049863	1.1101283e-05
488	0.00041182834	9.7006541e-06
489	0.00045562032	9.5554037e-06
490	0.00058328057	1.0592907e-05
491	0.00086963316	1.319704e-05
492	0.0015310554	1.8560931e-05
493	0.0032626351	2.9579214e-05
494	0.0087804959	5.3991662e-05
495	0.031975443	0.00011440547
496	0.16155744	0.00028775149
497	0.48677733	0.00088912979
498	0.46851253	0.0035732437
499	0.47883758	0.020640658
500	0.59586626	0.19214278
501	0.94844117	0.90109626
502	0.97894483	0.97751391
503	0.98445601	0.98722319
504	0.99280894	0.99204577
505	0.99314622	0.98785053
506	0.9932716	0.99242833
507	0.98940723	0.98796943
508	0.986432	0.9792812
509	0.99005887	0.98190436
510	0.99478161	0.98998443
511	0.99330924	0.98889961
512	0.98837797	0.98060529
513	0.9874785	0.97800063
514	0.99150063	0.98392048
515	0.99450725	0.98867969
516	0.99252648	0.98513453
517	0.98862024	0.97837956
518	0.98791292	0.97725155
519	0.9908945	0.98236975
520	0.9933652	0.98615784
521	0.99201376	0.98304065
522	0.98850934	0.97662737
523	0.98705727	0.97464469
524	0.98919186	0.97922007
525	0.99207335	0.98434643
526	0.99188423	0.98297024
527	0.98853089	0.97589422
528	0.98576832	0.97111783
529	0.98670164	0.974313
530	0.99019344	0.98203709
531	0.99199677	0.98504919
532	0.98981183	0.97925049
533	0.98625864	0.97137441
534	0.98555556	0.97096568
535	0.98833144	0.97870332
536	0.99059306	0.98458036
537	0.9885483	0.97948354
538	0.98410763	0.96813057
539	0.98270242	0.96441524
540	0.98611879	0.97410273
541	0.98952187	0.98586109
542	0.98692111	0.98298458
543	0.9807534	0.9674932
544	0.97994468	0.96063466
545	0.98636075	0.9739624
546	0.98917006	0.98874169
547	0.97941898	0.97786298
548	0.97276478	0.95989146
549	0.98722392	0.97857526
550	0.95996966	0.95999281
551	0.75293513	0.68325704
552	0.49576503	0.3613295
553	0.34286128	0.2060012
554	0.28413115	0.15948361
555	0.31940665	0.20923153
556	0.70209141	0.79728031
557	0.56197178	0.12401051
558	0.22578393	0.016488985
559	0.060495668	0.0043949877
560	0.022050843	0.0016350634
561	0.010299465	0.00074854812
562	0.0057433639	0.00039803807
563	0.0036696453	0.00023820034
564	0.0026222923	0.00015736847
565	0.0020648479	0.00011332646
566	0.0017750451	8.819814e-05
567	0.0016565311	7.3735346e-05
568	0.0016733129	6.5943698e-05
569	0.0018281773	6.2924564e-05
570	0.0021632421	6.3941317e-05
571	0.0027822402	6.9159957e-05
572	0.003914074	7.9628364e-05
573	0.0060830325	9.7732793e-05
574	0.010602344	0.00012815238
575	0.021186416	0.00018014167
576	0.049928623	0.00027286332
577	0.1393901	0.00044861635
578	0.36986116	0.00080882705
579	0.50679794	0.0016232462
580	0.45070124	0.0037084511
581	0.43132246	0.0099906155
582	0.47004132	0.033603087
583	0.56821508	0.15164451
584	0.85505422	0.70615996
585	0.96302642	0.95739127
586	0.89744312	0.86286336
587	0.92112194	0.91971332
588	0.96374162	0.98277043
589	0.97326256	0.96672027
590	0.9680308	0.93580794
591	0.96881882	0.94389131
592	0.97531183	0.9782415
593	0.97616653	0.99571586
594	0.96712482	0.97648084
595	0.95931596	0.94510623
596	0.96262998	0.93310145
597	0.97512157	0.94930122
598	0.98726255	0.97907425
599	0.98948935	0.99681598
600	0.98026931	0.98875203
601	0.96852609	0.96591404
602	0.96482919	0.94971525
603	0.97232713	0.95249793
604	0.98570331	0.97141825
605	0.99550109	0.99192693
606	0.99476334	0.99825638
607	0.98464859	0.98668668
608	0.9734148	0.96807042
609	0.96934812	0.95691621
610	0.97509666	0.96065595
611	0.98681754	0.97637378
612	0.99686455	0.99323706
613	0.99872094	0.99959148
614	0.9917342	0.99180912
615	0.98144211	0.97682096
616	0.97502187	0.96567696
617	0.9764632	0.96557344
618	0.98470031	0.97625419
619	0.99458497	0.99075328
620	0.99997855	0.99963373
621	0.99777649	0.99741297
622	0.99002965	0.98654939
623	0.98216848	0.97507681
624	0.97915533	0.97058858
625	0.9826836	0.97578459
626	0.99053036	0.98735192
627	0.99784766	0.9978205
628	1	1
629	0.99557896	0.99189923
630	0.98726409	0.97809715
631	0.97982644	0.96632721
632	0.977195	0.96268028
633	0.98057308	0.96874327
634	0.98770946	0.98058761
635	0.99514562	0.99253036
636	0.99934342	0.99885931
637	0.99857029	0.99699534
638	0.99380329	0.98890146
639	0.9879696	0.97961178
640	0.98421019	0.97420394
641	0.98435971	0.9753431
642	0.98824532	0.98231612
643	0.993851	0.99148251
644	0.99826944	0.99797219
645	0.99917231	0.99819265
646	0.9960645	0.9918587
647	0.99049141	0.98209573
648	0.9851105	0.97358712
649	0.98234932	0.97019806
650	0.98338498	0.97337803
651	0.98772366	0.98169023
652	0.99340632	0.9913823
653	0.99782762	0.99793852
654	0.9989542	0.99823054
655	0.99633706	0.99216229
656	0.99127051	0.98266162
657	0.98604636	0.97405956
658	0.98286604	0.97003935
659	0.98297888	0.97222019
660	0.98626807	0.97966902
661	0.99131048	0.98925802
662	0.99592384	0.99682833
663	0.9981049	0.99896567
664	0.99696201	0.99463789
665	0.99309258	0.98567147
666	0.98819316	0.97574674
667	0.98422907	0.96865769
668	0.98265453	0.96684537
669	0.98394463	0.97067136
670	0.98747721	0.97840841
671	0.99176162	0.98685519
672	0.99500393	0.99251206
673	0.99585787	0.99301668
674	0.99400824	0.98816463
675	0.99024866	0.97989386
676	0.98603987	0.97127217
677	0.98285578	0.96515463
678	0.98164629	0.96317804
679	0.98256589	0.96535214
680	0.98498058	0.97021114
681	0.98773113	0.97542685
682	0.98959629	0.97874083
683	0.989802	0.97890872
684	0.98834342	0.97621671
685	0.98595552	0.97228999
686	0.98377014	0.96932327
687	0.98285265	0.96915572
688	0.98380889	0.97257209
689	0.98656619	0.97900319
690	0.99037213	0.98666268
691	0.99402866	0.99311187
692	0.99632304	0.99614729
693	0.99650519	0.99470133
694	0.99458506	0.98931411
695	0.99129983	0.98190974
696	0.98779681	0.97502029
697	0.9852158	0.97087656
698	0.9843373	0.9707248
699	0.98537052	0.97450527
700	0.98789865	0.98088923
701	0.99099713	0.98765609
702	0.99352777	0.99237985
703	0.99454385	0.99327178
704	0.99364638	0.98985451
705	0.99111714	0.9831291
706	0.98777248	0.97515067
707	0.98464014	0.96825834
708	0.98262201	0.96432509
709	0.98225002	0.96426494
710	0.98356455	0.96785221
711	0.98611356	0.97382449
712	0.989077	0.98024237
713	0.99151198	0.98506531
714	0.99266367	0.98681226
715	0.9922255	0.98506569
716	0.99042937	0.98058603
717	0.9879302	0.97498535
718	0.98555725	0.97013435
719	0.98404804	0.96756517
720	0.98384777	0.96805553
721	0.98500432	0.97145589
722	0.98716263	0.97675291
723	0.98966095	0.98234981
724	0.99172261	0.98652628
725	0.99270186	0.9879751
726	0.99229833	0.98623432
727	0.99064895	0.98183184
728	0.98826089	0.97607976
729	0.98582828	0.97062491
730	0.98401853	0.96695071
731	0.98329849	0.96599163
732	0.98383065	0.96793033
733	0.98544358	0.97218191
734	0.98767636	0.9775506
735	0.9898971	0.98253923
736	0.99147961	0.9857611
737	0.99199131	0.98634692
738	0.99132391	0.98420271
739	0.98971309	0.98001342
740	0.98764474	0.97499638
741	0.98569524	0.9705165
742	0.98436926	0.96770734
743	0.98397901	0.96720106
744	0.9845813	0.969006
745	0.98597352	0.9725314
746	0.9877467	0.97674556
747	0.9893912	0.98044342
748	0.99043673	0.98257323
749	0.99058847	0.98253484
750	0.98981184	0.98034887
751	0.98833384	0.97663355
752	0.98656447	0.9724034
753	0.98497372	0.96877201
754	0.98396758	0.96665985
755	0.98379433	0.96658034
756	0.9844934	0.96853565
757	0.98588953	0.97202628
758	0.98763167	0.97616769
759	0.98927445	0.97989872
760	0.9903898	0.98224619
761	0.99068176	0.9825822
762	0.99006788	0.98079472
763	0.98869813	0.9773121
764	0.98690683	0.97297568
765	0.98511914	0.96881144
766	0.98374615	0.96577902
767	0.98309695	0.96456439
768	0.98332167	0.965452
769	0.98438847	0.96828464
770	0.98609362	0.97250717
771	0.98810367	0.97728581
772	0.99002626	0.9816876
773	0.99149876	0.98488975
774	0.99227336	0.98636963
775	0.99227328	0.98602051
776	0.99160173	0.9841563
777	0.99050263	0.98140618
778	0.98928907	0.97853788
779	0.98826377	0.97626547
780	0.98765196	0.97509067
781	0.98755863	0.97520635
782	0.98795358	0.97647206
783	0.98868439	0.9784592
784	0.9895144	0.98055609
785	0.99018054	0.98211498
786	0.99045914	0.98261139
787	0.99022377	0.98177742
788	0.98947822	0.97967215
789	0.98835485	0.97666863
790	0.98708046	0.97336384
791	0.98592196	0.97044061
792	0.98512777	0.96851983
793	0.98487831	0.96803557
794	0.98525245	0.96915286
795	0.98621265	0.97173623
796	0.98760924	0.97537009
797	0.98920432	0.97942922
798	0.99071396	0.98319187
799	0.99186389	0.98597966
800	0.99244738	0.98729704
801	0.99237084	0.98693627
802	0.9916732	0.98501876
803	0.99051402	0.98196148
804	0.98913457	0.97838005
805	0.98780493	0.9749577
806	0.98677146	0.97231369
807	0.98621495	0.97089717
808	0.98622454	0.9709206
809	0.98678815	0.97233644
810	0.98779804	0.97485544
811	0.98907076	0.97800229
812	0.99037949	0.98120208
813	0.99149548	0.9838858
814	0.99223145	0.98559705
815	0.99247789	0.98607797
816	0.99222288	0.98531383
817	0.99155044	0.98352563
818	0.9906186	0.98111437
819	0.98962409	0.97857327
820	0.98876312	0.97639012
821	0.98819682	0.97496055
822	0.98802638	0.9745257
823	0.9882804	0.97514118
824	0.98891405	0.97667764
825	0.98981949	0.97885086
826	0.99084594	0.98127613
827	0.99182684	0.983539
828	0.99261029	0.98527144
829	0.99308681	0.98621924
830	0.9932089	0.98628678
831	0.99299762	0.98554968
832	0.99253535	0.98423315
833	0.99194695	0.98266262
834	0.99137463	0.98119877
835	0.99095206	0.98017133
836	0.99078237	0.97982353
837	0.99092321	0.98027523
838	0.99137965	0.98150828
839	0.99210553	0.98337473
840	0.99301247	0.98562544
841	0.99398547	0.98795509
842	0.99490295	0.99005665
843	0.99565794	0.99167634
844	0.99617658	0.99265898
845	0.99642983	0.9929746
846	0.9964362	0.99272087
847	0.99625522	0.99210122
848	0.99597358	0.99138401
849	0.99568735	0.99085148
850	0.99548412	0.9907483
