Wavelength_nm	Transmission
350	9.9999999e-09
351	3.27659e-07
352	9.9999999e-09
353	7.0190303e-08
354	1.42618e-08
355	2.4825201e-07
356	9.9999999e-09
357	2.58976e-07
358	9.9999999e-09
359	2.8666699e-07
360	1.3821899e-07
361	9.9999999e-09
362	9.9999999e-09
363	2.91161e-07
364	5.17639e-09
365	3.45866e-07
366	3.15408e-08
367	2.3276201e-07
368	1.61196e-07
369	4.199e-07
370	6.1727701e-07
371	6.2653601e-07
372	9.9999999e-09
373	4.43516e-07
374	1.56623e-07
375	2.3891499e-07
376	9.9999999e-09
377	3.99497e-07
378	3.9543801e-07
379	1.72129e-08
380	2.5554999e-07
381	1.76123e-07
382	4.2850199e-09
383	2.4190501e-07
384	3.2677701e-08
385	2.74515e-07
386	1.24576e-07
387	3.7877501e-07
388	3.4458401e-07
389	6.2493802e-07
390	3.24241e-07
391	2.28793e-07
392	5.1439002e-07
393	4.1324299e-08
394	6.3433203e-07
395	9.9999999e-09
396	1.5239399e-07
397	9.9999999e-09
398	9.9999999e-09
399	2.5087101e-07
400	8.5258002e-08
401	4.3630101e-07
402	3.09184e-07
403	9.9999999e-09
404	1.8280601e-07
405	3.72892e-07
406	1.12064e-07
407	4.2212901e-07
408	3.3887699e-07
409	1.52081e-07
410	9.32326e-08
411	4.4139301e-07
412	2.46865e-07
413	3.7531601e-07
414	9.9999999e-09
415	2.5447301e-07
416	1.2605599e-07
417	1.81744e-07
418	9.9999999e-09
419	8.9065402e-08
420	4.31484e-09
421	1.6954399e-07
422	1.5417e-07
423	9.9999999e-09
424	8.1556797e-09
425	1.22857e-07
426	9.9999999e-09
427	9.9999999e-09
428	9.9999999e-09
429	8.8657799e-08
430	9.9999999e-09
431	4.86564e-08
432	8.4632802e-08
433	9.9999999e-09
434	1.83271e-07
435	2.6139199e-07
436	1.4246601e-07
437	1.64158e-07
438	1.5104e-07
439	1.25691e-07
440	1.88397e-07
441	9.9999999e-09
442	1.20886e-07
443	1.08267e-07
444	2.0392e-07
445	1.57789e-07
446	1.71057e-07
447	1.5025699e-07
448	1.22099e-07
449	9.9999999e-09
450	3.1460601e-07
451	5.3090801e-08
452	9.9999999e-09
453	1.53805e-07
454	2.9120801e-07
455	2.70957e-07
456	1.21478e-07
457	2.06255e-07
458	1.85202e-07
459	2.83498e-07
460	5.0241198e-07
461	3.9248201e-07
462	3.8880501e-07
463	8.5860199e-07
464	2.78743e-06
465	2.2514299e-05
466	0.000405361
467	0.0130275
468	0.34516701
469	0.903162
470	0.93642199
471	0.96359497
472	0.96405399
473	0.95907199
474	0.97235298
475	0.97298503
476	0.98020899
477	0.975995
478	0.96256101
479	0.96237898
480	0.968095
481	0.96891898
482	0.967933
483	0.96722603
484	0.96199399
485	0.95698702
486	0.96935397
487	0.97640598
488	0.970249
489	0.96773702
490	0.96701002
491	0.960877
492	0.95969802
493	0.96320999
494	0.93747699
495	0.819305
496	0.049318399
497	0.0169737
498	0.000777782
499	6.7507397e-05
500	9.7485399e-06
501	1.9464901e-06
502	5.4923402e-07
503	2.21723e-07
504	2.21401e-07
505	1.20501e-07
506	9.9999999e-09
507	6.6948999e-08
508	9.9999999e-09
509	1.13392e-07
510	5.6614201e-08
511	9.9999999e-09
512	9.9999999e-09
513	1.66046e-08
514	9.9999999e-09
515	1.24302e-08
516	9.9999999e-09
517	7.3994499e-09
518	9.3204697e-08
519	9.9999999e-09
520	6.62506e-08
521	1.73141e-08
522	5.0528701e-08
523	9.9999999e-09
524	8.4178197e-08
525	9.9999999e-09
526	2.4528899e-07
527	9.9999999e-09
528	8.1109199e-08
529	9.9999999e-09
530	9.0819498e-08
531	9.9999999e-09
532	9.9999999e-09
533	9.9999999e-09
534	9.9999999e-09
535	9.9999999e-09
536	9.9999999e-09
537	9.9999999e-09
538	9.9999999e-09
539	9.9999999e-09
540	2.28718e-08
541	3.1590801e-08
542	9.9999999e-09
543	1.61288e-07
544	8.0952898e-09
545	2.19243e-09
546	9.9999999e-09
547	1.8354299e-07
548	9.9999999e-09
549	9.9999999e-09
550	9.9999999e-09
551	6.4319998e-08
552	9.9999999e-09
553	9.9999999e-09
554	9.9999999e-09
555	9.9999999e-09
556	5.50314e-08
557	9.9999999e-09
558	9.9999999e-09
559	9.9999999e-09
560	9.9999999e-09
561	9.9999999e-09
562	9.9999999e-09
563	9.9999999e-09
564	9.9999999e-09
565	9.9999999e-09
566	9.9999999e-09
567	9.9999999e-09
568	4.2782801e-08
569	9.9999999e-09
570	9.9999999e-09
571	1.8153899e-07
572	9.9999999e-09
573	9.9999999e-09
574	9.9999999e-09
575	9.9999999e-09
576	9.9999999e-09
577	9.9999999e-09
578	9.9999999e-09
579	9.9999999e-09
580	9.9999999e-09
581	9.9999999e-09
582	4.8566e-09
583	9.9999999e-09
584	9.9999999e-09
585	9.9999999e-09
586	9.9999999e-09
587	9.59636e-08
588	9.9999999e-09
589	9.9999999e-09
590	5.8627101e-08
591	4.8940201e-08
592	9.9999999e-09
593	9.9999999e-09
594	9.9999999e-09
595	9.9999999e-09
596	1.34902e-07
597	9.9999999e-09
598	9.9999999e-09
599	9.9999999e-09
600	5.3141398e-09
601	9.9999999e-09
602	9.9999999e-09
603	9.9999999e-09
604	3.65965e-08
605	1.01969e-07
606	3.2968298e-08
607	2.17772e-09
608	4.62929e-08
609	7.6531598e-10
610	9.9999999e-09
611	6.1799497e-08
612	1.41229e-08
613	1.11417e-07
614	9.9999999e-09
615	9.9999999e-09
616	9.9999999e-09
617	4.8872302e-09
618	9.9999999e-09
619	2.3578e-09
620	9.9999999e-09
621	9.9999999e-09
622	9.9999999e-09
623	3.51192e-08
624	9.0166402e-08
625	9.9999999e-09
626	9.9999999e-09
627	5.26321e-08
628	8.6621599e-09
629	9.9999999e-09
630	9.9999999e-09
631	9.4224397e-08
632	1.54447e-08
633	9.9999999e-09
634	9.9999999e-09
635	2.89741e-08
636	9.9999999e-09
637	9.9999999e-09
638	4.3007599e-08
639	1.48595e-08
640	2.22051e-08
641	3.46487e-08
642	8.6258098e-08
643	9.9999999e-09
644	9.9999999e-09
645	4.8744099e-08
646	9.2691899e-08
647	1.1747e-07
648	5.3775601e-08
649	1.21141e-07
650	1.6340801e-08
651	4.0723499e-08
652	1.9644e-08
653	8.3627896e-09
654	1.2247899e-07
655	1.02544e-08
656	9.9999999e-09
657	2.80427e-07
658	2.5355501e-08
659	6.4639003e-08
660	4.5555701e-08
661	9.9999999e-09
662	9.9999999e-09
663	2.7118099e-07
664	3.7076401e-08
665	5.9266601e-08
666	1.16974e-08
667	2.5044699e-07
668	7.9304201e-08
669	1.6595899e-07
670	2.10134e-07
671	2.0895099e-07
672	2.19048e-07
673	8.6345999e-08
674	9.7352903e-08
675	9.1706298e-08
676	2.4210101e-07
677	7.5474297e-08
678	9.9999999e-09
679	2.01064e-07
680	2.3759901e-09
681	1.51785e-09
682	5.8158001e-08
683	2.5226001e-07
684	2.7785301e-09
685	9.9999999e-09
686	2.8461701e-08
687	9.9999999e-09
688	9.9999999e-09
689	9.9999999e-09
690	1.17763e-07
691	9.9999999e-09
692	9.9999999e-09
693	9.9999999e-09
694	2.12456e-07
695	6.9335e-09
696	9.9999999e-09
697	1.26035e-07
698	1.29642e-07
699	9.9999999e-09
700	2.7124699e-07
701	6.4910203e-08
702	9.9999999e-09
703	9.9999999e-09
704	9.9999999e-09
705	9.9999999e-09
706	1.55389e-07
707	9.9999999e-09
708	9.9999999e-09
709	9.9999999e-09
710	1.61188e-07
711	9.9999999e-09
712	9.9999999e-09
713	2.01559e-07
714	9.9999999e-09
715	1.7292901e-07
716	9.9999999e-09
717	9.9999999e-09
718	9.9999999e-09
719	2.1796799e-07
720	9.0995496e-09
721	9.9999999e-09
722	9.9999999e-09
723	9.9999999e-09
724	1.35348e-07
725	6.1447899e-08
726	9.9999999e-09
727	9.9999999e-09
728	2.7755999e-07
729	9.9999999e-09
730	9.9999999e-09
731	9.9999999e-09
732	9.9999999e-09
733	9.9999999e-09
734	1.14102e-07
735	9.9999999e-09
736	7.8971297e-08
737	9.9999999e-09
738	5.6308397e-07
739	8.94084e-07
740	9.9999999e-09
741	1.2904999e-07
742	9.9999999e-09
743	9.9999999e-09
744	2.1124799e-07
745	4.64294e-07
746	6.6176102e-07
747	7.2633497e-07
748	4.10989e-08
749	9.9999999e-09
750	1.5923e-07
751	2.5465499e-07
752	7.4130099e-07
753	7.4963702e-07
754	9.9999999e-09
755	9.9999999e-09
756	9.9999999e-09
757	9.9999999e-09
758	9.9999999e-09
759	3.2311601e-07
760	7.2957698e-07
761	7.1350098e-07
762	1.79229e-07
763	9.9999999e-09
764	9.9999999e-09
765	9.9999999e-09
766	9.9999999e-09
767	8.86048e-08
768	5.6103897e-07
769	9.9999999e-09
770	3.96297e-07
771	7.30083e-07
772	9.9999999e-09
773	7.0215401e-07
774	6.6779899e-07
775	9.9999999e-09
776	7.7357998e-07
777	9.9999999e-09
778	2.44744e-07
779	7.1312701e-07
780	2.9641501e-07
781	1.16631e-06
782	9.9999999e-09
783	1.43558e-07
784	3.9647698e-08
785	4.27071e-07
786	9.5308401e-08
787	9.9999999e-09
788	9.9999999e-09
789	5.4977301e-07
790	9.9999999e-09
791	9.9999999e-09
792	1.29732e-06
793	1.30832e-06
794	1.95506e-07
795	5.0424001e-07
796	4.6768301e-07
797	3.0252801e-07
798	9.9999999e-09
799	1.09281e-06
800	7.43398e-07
801	2.16581e-06
802	9.9999999e-09
803	1.54994e-06
804	1.56484e-06
805	1.1636801e-06
806	1.84923e-06
807	8.8780303e-07
808	1.83955e-06
809	2.4521601e-06
810	9.1435197e-07
811	9.9999999e-09
812	9.9999999e-09
813	9.9999999e-09
814	5.66305e-07
815	1.83692e-06
816	4.9509799e-07
817	3.9243099e-07
818	2.05122e-06
819	5.88028e-07
820	3.9764299e-07
821	1.1726599e-06
822	9.9999999e-09
823	2.90193e-06
824	8.7903901e-10
825	9.9999999e-09
826	3.01949e-07
827	1.46506e-06
828	1.9245099e-06
829	1.5845e-06
830	7.9778502e-08
831	9.9999999e-09
832	2.00822e-06
833	9.9999999e-09
834	8.93905e-07
835	2.3366599e-06
836	1.4467701e-06
837	1.3498e-06
838	1.237e-06
839	3.1728e-06
840	7.33381e-07
841	9.9999999e-09
842	5.5791799e-07
843	3.8650601e-08
844	9.6990402e-07
845	9.9999999e-09
846	9.9999999e-09
847	1.60585e-06
848	1.10657e-06
849	9.9999999e-09
850	9.9999999e-09
