Wavelength	UHP-F-470
200	0
200.5	0
201	0
201.5	0
202	0
202.5	0
203	0
203.5	0
204	0
204.5	0
205	0
205.5	0
206	0
206.5	0
207	0
207.5	0
208	0
208.5	0
209	0
209.5	0
210	0
210.5	0
211	0
211.5	0
212	0
212.5	0
213	0
213.5	0
214	0
214.5	0
215	0
215.5	0
216	0
216.5	0
217	0
217.5	0
218	0
218.5	0
219	0
219.5	0
220	0
220.5	0
221	0
221.5	0
222	0
222.5	0
223	0
223.5	0
224	0
224.5	0
225	0
225.5	0
226	0
226.5	0
227	0
227.5	0
228	0
228.5	0
229	0
229.5	0
230	0
230.5	0
231	0
231.5	0
232	0
232.5	0
233	0
233.5	0
234	0
234.5	0
235	0
235.5	0
236	0
236.5	0
237	0
237.5	0
238	0
238.5	0
239	0
239.5	0
240	0
240.5	0
241	0
241.5	0
242	0
242.5	0
243	0
243.5	0
244	0
244.5	0
245	0
245.5	0
246	6.55158E-05
246.5	0.000380602
247	0.000142041
247.5	0
248	0
248.5	0.000362175
249	0.000113794
249.5	0
250	0
250.5	0
251	0
251.5	0
252	0
252.5	0.000119907
253	0
253.5	0.000170703
254	0.00058794
254.5	0.00106014
255	0.000785185
255.5	0.000728266
256	0
256.5	0.000699473
257	0.00030562
257.5	0.000183896
258	0.000105668
258.5	0.000201393
259	0.000236005
259.5	0.000264828
260	0.000261197
260.5	0.00030368
261	0.000365448
261.5	0.000466465
262	0.000526202
262.5	0.000504562
263	0.000566694
263.5	0.000558965
264	0.000483104
264.5	0.000409849
265	0.000332624
265.5	0.000237145
266	0.000234459
266.5	0.00020921
267	0.000128829
267.5	3.19829E-05
268	0
268.5	0
269	0
269.5	0
270	0
270.5	9.65483E-05
271	0.000182726
271.5	0.000228304
272	0.000304013
272.5	0.000377207
273	0.000438824
273.5	0.000543932
274	0.000639585
274.5	0.000654557
275	0.000740541
275.5	0.000791246
276	0.00086341
276.5	0.000962608
277	0.001032347
277.5	0.001123696
278	0.001177311
278.5	0.001258173
279	0.001276752
279.5	0.00123426
280	0.001172765
280.5	0.001162218
281	0.001210347
281.5	0.001215439
282	0.001180827
282.5	0.001162339
283	0.001141699
283.5	0.001115937
284	0.00111036
284.5	0.001093479
285	0.001072991
285.5	0.000984157
286	0.000941908
286.5	0.000937089
287	0.001001706
287.5	0.001081901
288	0.001147003
288.5	0.001200224
289	0.001201436
289.5	0.001150125
290	0.001054533
290.5	0.000915782
291	0.000835496
291.5	0.000799521
292	0.00088999
292.5	0.000955365
293	0.000916389
293.5	0.000792034
294	0.000624279
294.5	0.000462616
295	0.000340141
295.5	0.000292284
296	0.000318864
296.5	0.000361114
297	0.00045122
297.5	0.000472951
298	0.00048665
298.5	0.000358477
299	0.000348081
299.5	0.000473042
300	0.00056045
300.5	0.000626492
301	0.000714931
301.5	0.00084274
302	0.000893839
302.5	0.000861197
303	0.000838709
303.5	0.000813887
304	0.000903962
304.5	0.000999736
305	0.001075779
305.5	0.001074415
306	0.001045077
306.5	0.00103556
307	0.001050653
307.5	0.001030135
308	0.000999402
308.5	0.001040409
309	0.001152125
309.5	0.001254839
310	0.001332125
310.5	0.001333398
311	0.001349794
311.5	0.001399803
312	0.001443234
312.5	0.001459267
313	0.001440385
313.5	0.001378102
314	0.001396954
314.5	0.001369161
315	0.001340096
315.5	0.0012903
316	0.001269357
316.5	0.001243686
317	0.001291209
317.5	0.00127757
318	0.001203406
318.5	0.001114816
319	0.001069202
319.5	0.001084053
320	0.001148882
320.5	0.001188586
321	0.001274236
321.5	0.001324608
322	0.00128251
322.5	0.00122838
323	0.001146063
323.5	0.001031347
324	0.000983673
324.5	0.001061686
325	0.001183342
325.5	0.001221076
326	0.001213954
326.5	0.001171552
327	0.00104635
327.5	0.000911388
328	0.000770546
328.5	0.00071784
329	0.000718507
329.5	0.000738541
330	0.000756392
330.5	0.000720204
331	0.000637675
331.5	0.0005486
332	0.000546327
332.5	0.000579756
333	0.000664286
333.5	0.000750452
334	0.000769273
334.5	0.00082013
335	0.000886808
335.5	0.000847498
336	0.00081425
336.5	0.000824737
337	0.00086935
337.5	0.000886535
338	0.000831162
338.5	0.000790277
339	0.000718962
339.5	0.000649253
340	0.000600245
340.5	0.000612823
341	0.00064307
341.5	0.000656678
342	0.000679834
342.5	0.000672772
343	0.00065289
343.5	0.000650132
344	0.000714021
344.5	0.000783184
345	0.000815644
345.5	0.000883383
346	0.00094109
346.5	0.000998251
347	0.001038833
347.5	0.001064838
348	0.001106178
348.5	0.001157611
349	0.001302544
349.5	0.001374617
350	0.001432354
350.5	0.001401045
351	0.001412078
351.5	0.00138965
352	0.001388468
352.5	0.001425928
353	0.001457267
353.5	0.001426838
354	0.001387952
354.5	0.001312637
355	0.001208498
355.5	0.001063443
356	0.000987885
356.5	0.000910115
357	0.000919935
357.5	0.000921208
358	0.000958547
358.5	0.000953971
359	0.00095788
359.5	0.000947242
360	0.001006646
360.5	0.001128697
361	0.001356038
361.5	0.001534916
362	0.001639601
362.5	0.001692337
363	0.001690458
363.5	0.001622507
364	0.001556556
364.5	0.001528218
365	0.001541402
365.5	0.001553829
366	0.001526582
366.5	0.00141917
367	0.001248808
367.5	0.001099874
368	0.001051017
368.5	0.001019072
369	0.001011071
369.5	0.001144093
370	0.001297755
370.5	0.001448599
371	0.001578257
371.5	0.001612778
372	0.001739981
372.5	0.001906282
373	0.002085827
373.5	0.002174326
374	0.002232003
374.5	0.002320836
375	0.002395091
375.5	0.002443735
376	0.002419034
376.5	0.002352871
377	0.002230124
377.5	0.002149777
378	0.002052579
378.5	0.001966837
379	0.001947864
379.5	0.001998903
380	0.002079644
380.5	0.002149595
381	0.002162021
381.5	0.002095677
382	0.002029969
382.5	0.002061065
383	0.002184086
383.5	0.002357842
384	0.002552905
384.5	0.002785277
385	0.002950972
385.5	0.002983553
386	0.00299807
386.5	0.002994009
387	0.003030379
387.5	0.003124637
388	0.003320124
388.5	0.003434992
389	0.003446812
389.5	0.003424384
390	0.00337771
390.5	0.003221017
391	0.003106452
391.5	0.002998586
392	0.002940182
392.5	0.003034016
393	0.00308463
393.5	0.003094632
394	0.003069779
394.5	0.00309736
395	0.003181616
395.5	0.003343765
396	0.003538343
396.5	0.003707159
397	0.003847485
397.5	0.003922346
398	0.004054187
398.5	0.004107226
399	0.004109347
399.5	0.004172691
400	0.004315442
400.5	0.004364542
401	0.004394243
401.5	0.004371209
402	0.004353934
402.5	0.004379999
403	0.004448192
403.5	0.004503656
404	0.004563969
404.5	0.004624888
405	0.004642467
405.5	0.004729451
406	0.004776732
406.5	0.004903723
407	0.005040715
407.5	0.005133458
408	0.005175283
408.5	0.005257115
409	0.00529197
409.5	0.005407443
410	0.00559202
410.5	0.005725072
411	0.005925409
411.5	0.006140596
412	0.006301836
412.5	0.006461862
413	0.006685233
413.5	0.006992254
414	0.007387775
414.5	0.007722376
415	0.008144568
415.5	0.008500688
416	0.008871963
416.5	0.009272939
417	0.009637545
417.5	0.010023368
418	0.010459198
418.5	0.010985953
419	0.011571809
419.5	0.012121901
420	0.012675024
420.5	0.013325739
421	0.013977363
421.5	0.014774163
422	0.015667343
422.5	0.016589012
423	0.017567964
423.5	0.018670573
424	0.019869561
424.5	0.021122498
425	0.022408168
425.5	0.023776882
426	0.025309563
426.5	0.026868915
427	0.028510099
427.5	0.030268272
428	0.032128886
428.5	0.034156498
429	0.036399298
429.5	0.038842131
430	0.041469844
430.5	0.044264251
431	0.047152613
431.5	0.05024404
432	0.053453668
432.5	0.05697547
433	0.060809445
433.5	0.065058641
434	0.069626072
434.5	0.0745178
435	0.079645932
435.5	0.084955911
436	0.090535633
436.5	0.09639419
437	0.102749799
437.5	0.109514568
438	0.116476339
438.5	0.123719976
439	0.131230324
439.5	0.138958891
440	0.146905676
440.5	0.155046433
441	0.163375099
441.5	0.1719038
442	0.180717397
442.5	0.189746181
443	0.199038645
443.5	0.2087039
444	0.218823776
444.5	0.229092161
445	0.23937267
445.5	0.249628932
446	0.260024612
446.5	0.270608202
447	0.281713091
447.5	0.293254417
448	0.305277642
448.5	0.317916121
449	0.330948606
449.5	0.344708485
450	0.35901391
450.5	0.374137654
451	0.390049409
451.5	0.406718866
452	0.424418799
452.5	0.443149207
453	0.463364712
453.5	0.485186547
454	0.508402554
454.5	0.53261873
455	0.557168294
455.5	0.581869398
456	0.607358514
456.5	0.634181186
457	0.662428339
457.5	0.691857507
458	0.722014071
458.5	0.752019094
459	0.78053902
459.5	0.807240459
460	0.832123412
460.5	0.855703117
461	0.878312963
461.5	0.899468019
462	0.91880459
462.5	0.935777128
463	0.95108272
463.5	0.964721367
464	0.976693068
464.5	0.986755359
465	0.99424146
465.5	0.998999833
466	1
466.5	0.997939049
467	0.993059444
467.5	0.985785499
468	0.975844441
468.5	0.962296719
469	0.944869559
469.5	0.923199265
470	0.899255863
470.5	0.873766747
471	0.848095783
471.5	0.823091597
472	0.799117887
472.5	0.775447258
473	0.751322007
473.5	0.727196757
474	0.703404895
474.5	0.680158579
475	0.658033664
475.5	0.636908915
476	0.616117556
476.5	0.595295888
477	0.574049908
477.5	0.552500846
478	0.530891168
478.5	0.509978576
479	0.490126768
479.5	0.471335743
480	0.453453962
480.5	0.436632964
481	0.42072121
481.5	0.405173153
482	0.390019101
482.5	0.375713676
483	0.36252965
483.5	0.350042712
484	0.338313475
484.5	0.326978244
485	0.315824862
485.5	0.304580556
486	0.293381711
486.5	0.282398054
487	0.271581092
487.5	0.26106418
488	0.25089278
488.5	0.240954753
489	0.231168266
489.5	0.221572721
490	0.212249948
490.5	0.203360581
491	0.194992513
491.5	0.18716393
492	0.179896047
492.5	0.172979738
493	0.166336201
493.5	0.160007869
494	0.154022019
494.5	0.14834228
495	0.143026239
495.5	0.137898107
496	0.132797253
496.5	0.12780854
497	0.123041075
497.5	0.118555475
498	0.114379019
498.5	0.110332887
499	0.10634434
499.5	0.102395194
500	0.098536973
500.5	0.094875754
501	0.091399414
501.5	0.088247372
502	0.085265054
502.5	0.082325168
503	0.079348912
503.5	0.076269609
504	0.073141813
504.5	0.070192834
505	0.067413581
505.5	0.064704036
506	0.061994492
506.5	0.059251608
507	0.056514787
507.5	0.053862828
508	0.051362409
508.5	0.048995346
509	0.046801039
509.5	0.044643102
510	0.042566997
510.5	0.04055757
511	0.038629975
511.5	0.036826642
512	0.03524759
512.5	0.033738247
513	0.032231934
513.5	0.030810484
514	0.029505114
514.5	0.028211564
515	0.026981055
515.5	0.025824195
516	0.024767957
516.5	0.023851137
517	0.022977354
517.5	0.022114483
518	0.0212407
518.5	0.020390861
519	0.019648009
519.5	0.018907279
520	0.018146243
520.5	0.017510379
521	0.016966954
521.5	0.016398071
522	0.015745235
522.5	0.01508573
523	0.014470779
523.5	0.013913413
524	0.013503041
524.5	0.013125705
525	0.012725941
525.5	0.012311023
526	0.011927929
526.5	0.011533317
527	0.0111972
527.5	0.010864114
528	0.010588917
528.5	0.01030887
529	0.009975178
529.5	0.009646941
530	0.00932416
530.5	0.008980466
531	0.008744063
531.5	0.00849099
532	0.008131536
532.5	0.007624481
533	0.00710591
533.5	0.006649469
534	0.006337296
534.5	0.00614393
535	0.005894495
535.5	0.005620812
536	0.005428356
536.5	0.005115879
537	0.004794614
537.5	0.004521234
538	0.004324535
538.5	0.0042227
539	0.004187845
539.5	0.004086616
540	0.003960231
540.5	0.00376929
541	0.003604414
541.5	0.0033571
542	0.003179798
542.5	0.003066445
543	0.002978249
543.5	0.002918027
544	0.002867867
544.5	0.002719327
545	0.00259279
545.5	0.002435794
546	0.002333595
546.5	0.002356478
547	0.002427187
547.5	0.002455161
548	0.002445008
548.5	0.002377148
549	0.002388665
549.5	0.002389787
550	0.002434127
550.5	0.002376178
551	0.002272616
551.5	0.002177478
552	0.0020547
552.5	0.001915738
553	0.001773411
553.5	0.001686063
554	0.00169167
554.5	0.001581015
555	0.001443931
555.5	0.001370071
556	0.001381103
556.5	0.001480816
557	0.001590865
557.5	0.00161987
558	0.001590804
558.5	0.00163169
559	0.001672818
559.5	0.001600412
560	0.001564982
560.5	0.00150867
561	0.001453236
561.5	0.001465723
562	0.001429778
562.5	0.001432839
563	0.001468845
563.5	0.001477119
564	0.001413472
564.5	0.001267963
565	0.001214681
565.5	0.001227895
566	0.001242837
566.5	0.001195435
567	0.001031741
567.5	0.000832253
568	0.000577968
568.5	0.000375874
569	0.000308832
569.5	0.000273057
570	0.000314864
570.5	0.00033023
571	0.000318046
571.5	0.000256945
572	0.000289981
572.5	0.000366054
573	0.000398999
573.5	0.000434338
574	0.000550449
574.5	0.000593183
575	0.000608913
575.5	0.000582181
576	0.000563269
576.5	0.000551297
577	0.000570573
577.5	0.000595517
578	0.000550085
578.5	0.000564057
579	0.000534688
579.5	0.000465313
580	0.000424033
580.5	0.000480922
581	0.000572664
581.5	0.000598517
582	0.000660376
582.5	0.00072372
583	0.000610125
583.5	0.000451977
584	0.00042764
584.5	0.000536022
585	0.000545811
585.5	0.000517685
586	0.000459827
586.5	0.000415032
587	0.000382451
587.5	0.000300255
588	0.000286095
588.5	0.000351294
589	0.000540568
589.5	0.00058206
590	0.000535264
590.5	0.000577453
591	0.000599608
591.5	0.000546448
592	0.000495409
592.5	0.000467495
593	0.000314045
593.5	0.000155901
594	0.000123138
594.5	8.42159E-05
595	8.03698E-05
595.5	0
596	0
596.5	0
597	0
597.5	0
598	0
598.5	0.000142859
599	0.000180311
599.5	0.000163423
600	0.00006721
600.5	5.54535E-05
601	0.000139568
601.5	0.000231947
602	0.000311075
602.5	0.000242485
603	7.80028E-05
603.5	0
604	0
604.5	0
605	0
605.5	0
606	0
606.5	0
607	0
607.5	0
608	0
608.5	0
609	0
609.5	0
610	3.09555E-05
610.5	0.000102167
611	0.000213592
611.5	0.000319895
612	0.000295648
612.5	0.000250216
613	0.000224982
613.5	0.000153673
614	4.05025E-05
614.5	0
615	0
615.5	0
616	0
616.5	0
617	0
617.5	0
618	0
618.5	0
619	0
619.5	0
620	0
620.5	0
621	0
621.5	1.60075E-05
622	7.90514E-05
622.5	0.000179586
623	0.000266283
623.5	0.00024644
624	0.000181729
624.5	0.000304377
625	0.000403424
625.5	0.000430125
626	0.000387755
626.5	0.000288617
627	0.000157562
627.5	0
628	0
628.5	0
629	0
629.5	0
630	0
630.5	0
631	0
631.5	0
632	0
632.5	0
633	0
633.5	0
634	0
634.5	0
635	0
635.5	0
636	4.60126E-05
636.5	0.000137949
637	0.000168206
637.5	0.000270956
638	0.000314864
638.5	0.000237051
639	0.00015978
639.5	0.000175255
640	0.000152052
640.5	9.11365E-06
641	0
641.5	0
642	0
642.5	0
643	0
643.5	0
644	0
644.5	0
645	0
645.5	0
646	0
646.5	2.05931E-05
647	0.000141753
647.5	0.000256851
648	0.000278182
648.5	0.000357689
649	0.000363448
649.5	0.000317955
650	0.000263882
650.5	0.000200284
651	0.000170152
651.5	0.000178386
652	0.000072026
652.5	5.13935E-06
653	7.46355E-05
653.5	0.000150397
654	0.000253596
654.5	0.000315197
655	0.000473921
655.5	0.000529536
656	0.00050047
656.5	0.000393453
657	0.000319561
657.5	0.000251805
658	0.000176392
658.5	3.61321E-05
659	0
659.5	0
660	0
660.5	0
661	0
661.5	0
662	0
662.5	0
663	0
663.5	0
664	0
664.5	0
665	0
665.5	0
666	0
666.5	0
667	0
667.5	0
668	0
668.5	0
669	0
669.5	0
670	2.44726E-05
670.5	0.000168903
671	0.000312318
671.5	0.000348627
672	0.000346627
672.5	0.000397302
673	0.000427519
673.5	0.0004768
674	0.000466162
674.5	0.000420457
675	0.000395119
675.5	0.000384269
676	0.000299376
676.5	0.000229428
677	0.000206242
677.5	0.000171912
678	0.000121865
678.5	0.000108484
679	0.000121931
679.5	0.000150327
680	0.000224321
680.5	0.000275375
681	0.000446704
681.5	0.00057718
682	0.000598275
682.5	0.000626582
683	0.000655678
683.5	0.00057224
684	0.000511897
684.5	0.000548448
685	0.000493287
685.5	0.000398605
686	0.000110257
686.5	0
687	0
687.5	0
688	0
688.5	0
689	0
689.5	0
690	0
690.5	0
691	0
691.5	0
692	0
692.5	0
693	0
693.5	0
694	0
694.5	0
695	0
695.5	0
696	6.59523E-05
696.5	0.000123965
697	0.000160692
697.5	0.000153976
698	0.000183727
698.5	0.000189803
699	0.000108029
699.5	0.000165302
700	0.000168327
700.5	8.72437E-05
701	0
701.5	0
702	0
702.5	0
703	0
703.5	0
704	0
704.5	0
705	0
705.5	0
706	0
706.5	0
707	0
707.5	0
708	0
708.5	0
709	0
709.5	0
710	0
710.5	0
711	0
711.5	0
712	0
712.5	0
713	0
713.5	0
714	0
714.5	0
715	0
715.5	0
716	0
716.5	0
717	0
717.5	0
718	0
718.5	0
719	1.39175E-05
719.5	0.000157925
720	0.000283928
720.5	0.000270153
721	0.000209561
721.5	0.000233047
722	0.000132145
722.5	0.000100046
723	0
723.5	0
724	0
724.5	0
725	0
725.5	0
726	0
726.5	0
727	0
727.5	0
728	0
728.5	0
729	0
729.5	0
730	0.000114166
730.5	0.000171852
731	3.19587E-05
731.5	0
732	0
732.5	0
733	0
733.5	7.79482E-05
734	0.000197862
734.5	0.000314106
735	0.00040406
735.5	0.000483104
736	0.000584727
736.5	0.000602427
737	0.000621642
737.5	0.000519352
738	0.0004257
738.5	0.000287768
739	0.000151091
739.5	0.000121916
740	0.00013343
740.5	0.000229286
741	0.000182093
741.5	0.000171012
742	0.00010418
742.5	0
743	0
743.5	0
744	0
744.5	0
745	0
745.5	0
746	0
746.5	0
747	0
747.5	0
748	0
748.5	0
749	0
749.5	0
750	0
750.5	0
751	0
751.5	0
752	0
752.5	0
753	0
753.5	6.34458E-05
754	0.000262515
754.5	0.0003873
755	0.00035287
755.5	0.000362478
756	0.000482589
756.5	0.000530627
757	0.000479103
757.5	0.000425428
758	0.000250177
758.5	0.000141965
759	5.94724E-05
759.5	0
760	2.88491E-05
760.5	5.03587E-05
761	7.04409E-05
761.5	0.000175765
762	0.000184272
762.5	0.000314864
763	0.00049162
763.5	0.000616126
764	0.000775486
764.5	0.000809916
765	0.000728084
765.5	0.000574453
766	0.000454766
766.5	0.000497531
767	0.000430944
767.5	0.000197999
768	3.37996E-06
768.5	0
769	0
769.5	0
770	6.03695E-05
770.5	0.000128369
771	0.000100952
771.5	3.57654E-05
772	8.84318E-05
772.5	5.62597E-05
773	0
773.5	0
774	0
774.5	0
775	0
775.5	0
776	0
776.5	0
777	0
777.5	0
778	0
778.5	0
779	0
779.5	0
780	0
780.5	0
781	0.000101155
781.5	0.000220699
782	0.000148945
782.5	0.000108193
783	0.000195592
783.5	0.000157555
784	0.000125553
784.5	0.000100837
785	5.16923E-05
785.5	0
786	0
786.5	6.05847E-05
787	0.000227946
787.5	0.000301619
788	0.000371903
788.5	0.00035781
789	0.000276415
789.5	0.000306862
790	0.00030662
790.5	0.000243282
791	0.000185172
791.5	0.000146396
792	0.000165699
792.5	0.000193549
793	0.000158437
793.5	0.000105322
794	0
794.5	0
795	0
795.5	0
796	0
796.5	0
797	0
797.5	0
798	0
798.5	0
799	0
799.5	0
800	0
800.5	0
801	0
801.5	0
802	0
802.5	0
803	2.56031E-05
803.5	6.62644E-05
804	4.38516E-05
804.5	0
805	0
805.5	0
806	0
806.5	0
807	0
807.5	0
808	0
808.5	0
809	1.87686E-05
809.5	9.05412E-05
810	6.56916E-05
810.5	2.23631E-05
811	0.000152703
811.5	0.000286923
812	0.000306862
812.5	0.000323835
813	0.000251508
813.5	0.000169173
814	9.89972E-05
814.5	7.81828E-06
815	0
815.5	0
816	0
816.5	0
817	0
817.5	0
818	0
818.5	0
819	0
819.5	0
820	0
820.5	0
821	0
821.5	0
822	0
822.5	0
823	0
823.5	0
824	0
824.5	0
825	0
825.5	0
826	0
826.5	0
827	0
827.5	0
828	0
828.5	0
829	0
829.5	0
830	0
830.5	0
831	0
831.5	0
832	0
832.5	1.60075E-05
833	0.000153985
833.5	0.000247389
834	0.000245561
834.5	0.000205027
835	0.000226882
835.5	0.000272593
836	0.000420002
836.5	0.000458312
837	0.000308802
837.5	0.000176813
838	0
838.5	0
839	0
839.5	0
840	0
840.5	0
841	0
841.5	0
842	0
842.5	0
843	0
843.5	0
844	0
844.5	0
845	0
845.5	0
846	0
846.5	0
847	0
847.5	0
848	0
848.5	0
849	0
849.5	0
850	0
850.5	0
851	0
851.5	0
852	0
852.5	0
853	0
853.5	0
854	0
854.5	0
855	0
855.5	0
856	0
856.5	9.80455E-05
857	0.000325623
857.5	0.000569179
858	0.000800036
858.5	0.00087817
859	0.000905781
859.5	0.000829344
860	0.000753179
860.5	0.000676167
861	0.000567694
861.5	0.000458342
862	0.000450341
862.5	0.000437824
863	0.000349294
863.5	0.000355689
864	0.000357537
864.5	0.000379753
865	0.000393665
865.5	0.000306438
866	0.0002958
866.5	0.000310984
867	0.000264676
867.5	0.000171715
868	0
868.5	0
869	0
869.5	0
870	0
870.5	0
871	0
871.5	0
872	0
872.5	0
873	0
873.5	0
874	0
874.5	0
875	0
875.5	0
876	0
876.5	0
877	0
877.5	0
878	0
878.5	0.000169588
879	0.000360871
879.5	0.00051714
880	0.000701837
880.5	0.000810977
881	0.000841588
881.5	0.00081522
882	0.000694321
882.5	0.000580272
883	0.000465192
883.5	0.00076009
884	0
884.5	0
885	0.003649573
885.5	0.00164057
886	0
886.5	0.001336489
887	0
887.5	0
888	0
888.5	0
889	0
889.5	0
890	0
890.5	0
891	0
891.5	0
892	0
892.5	0
893	0
893.5	0
894	0
894.5	0
895	0
895.5	0
896	0
896.5	0
897	0
897.5	0
898	0
898.5	0
899	0
899.5	0
900	0
900.5	0
901	0
901.5	0
902	0
902.5	0
903	0
903.5	0
904	0
904.5	0
905	0
905.5	0
906	0
906.5	0
907	0
907.5	0
908	0
908.5	0
909	0
909.5	0
910	0
910.5	0
911	0
911.5	0
912	0
912.5	0
913	0
913.5	0
914	0
914.5	0
915	0
915.5	0
916	0
916.5	0
917	0
917.5	0
918	0
918.5	0
919	0
919.5	0
920	0
920.5	0
921	0
921.5	0
922	0
922.5	0
923	0
923.5	0
924	0
924.5	0
925	0
925.5	0
926	0
926.5	0
927	0
927.5	0
928	0
928.5	0
929	0
929.5	0
930	0
930.5	0
931	0
931.5	0
932	0
932.5	0
933	0
933.5	0
934	0
934.5	0
935	0
935.5	0
936	0
936.5	0
937	0
937.5	0
938	0
938.5	0
939	0
939.5	0
940	0
940.5	0
941	0
941.5	0
942	0
942.5	0
943	0
943.5	0
944	0
944.5	0
945	0
945.5	0
946	0
946.5	0
947	0
947.5	0
948	0
948.5	0
949	0
949.5	0
950	0
950.5	0
951	0
951.5	0
952	0
952.5	0
953	0
953.5	0
954	0
954.5	0
955	0
955.5	0
956	0
956.5	0
957	0
957.5	0
958	0
958.5	0
959	0
959.5	0
960	0
960.5	0
961	0
961.5	0
962	0
962.5	0
963	0
963.5	0
964	0
964.5	0
965	0
965.5	0
966	0
966.5	0
967	0
967.5	0
968	0
968.5	0
969	0
969.5	0
970	0
970.5	0
971	0
971.5	0
972	0
972.5	0
973	0
973.5	0
974	0
974.5	0
975	0
975.5	0
976	0
976.5	0
977	0
977.5	0
978	0
978.5	0
979	0
979.5	0
980	0
980.5	0
981	0
981.5	0
982	0
982.5	0
983	0
983.5	0
984	0
984.5	0
985	0
985.5	0
986	0
986.5	0
987	0
987.5	0
988	0
988.5	0
989	0
989.5	0
990	0
990.5	0
991	0
991.5	0
992	0
992.5	0
993	0
993.5	0
994	0
994.5	0
995	0
995.5	0
996	0
996.5	0
997	0
997.5	0
998	0
998.5	0
999	0
999.5	0
1000	0
1000.5	0
1001	0
1001.5	0
1002	0
1002.5	0
1003	0
1003.5	0
1004	0
1004.5	0
1005	0
1005.5	0
1006	0
1006.5	0
1007	0
1007.5	0
1008	0
1008.5	0
1009	0
1009.5	0
1010	0
1010.5	0
1011	0
1011.5	0
1012	0
1012.5	0
1013	0
1013.5	0
1014	0
1014.5	0
1015	0
1015.5	0
1016	0
1016.5	0
1017	0
1017.5	0
1018	0
1018.5	0
1019	0
1019.5	0
1020	0
1020.5	0
1021	0
1021.5	0
1022	0
1022.5	0
1023	0
1023.5	0
1024	0
1024.5	0
1025	0
1025.5	0
1026	0
1026.5	0
1027	0
1027.5	0
1028	0
1028.5	0
1029	0
1029.5	0
1030	0
1030.5	0
1031	0
1031.5	0
1032	0
1032.5	0
1033	0
1033.5	0
1034	0
1034.5	0
1035	0
1035.5	0
1036	0
1036.5	0
1037	0
1037.5	0
1038	0
1038.5	0
1039	0
1039.5	0
1040	0
1040.5	0
1041	0
1041.5	0
1042	0
1042.5	0
1043	0
1043.5	0
1044	0
1044.5	0
1045	0
1045.5	0
1046	0
1046.5	0
1047	0
1047.5	0
1048	0
1048.5	0
1049	0
1049.5	0
1050	0
1050.5	0
1051	0
1051.5	0
1052	0
1052.5	0
1053	0
1053.5	0
1054	0
1054.5	0
1055	0
1055.5	0
1056	0
1056.5	0
1057	0
1057.5	0
1058	0
1058.5	0
1059	0
1059.5	0
1060	0
1060.5	0
1061	0
1061.5	0
1062	0
1062.5	0
1063	0
1063.5	0
1064	0
1064.5	0
1065	0
1065.5	0
1066	0
1066.5	0
1067	0
1067.5	0
1068	0
1068.5	0
1069	0
1069.5	0
1070	0
1070.5	0
1071	0
1071.5	0
1072	0
1072.5	0
1073	0
1073.5	0
1074	0
1074.5	0
1075	0
1075.5	0
1076	0
1076.5	0
1077	0
1077.5	0
1078	0
1078.5	0
1079	0
1079.5	0
1080	0
1080.5	0
1081	0
1081.5	0
1082	0
1082.5	0
1083	0
1083.5	0
1084	0
1084.5	0
1085	0
1085.5	0
1086	0
1086.5	0
1087	0
1087.5	0
1088	0
1088.5	0
1089	0
1089.5	0
1090	0
1090.5	0
1091	0
1091.5	0
1092	0
1092.5	0
1093	0
1093.5	0
1094	0
1094.5	0
1095	0
1095.5	0
1096	0
1096.5	0
1097	0
1097.5	0
1098	0
1098.5	0
1099	0
1099.5	0
1100	0
1100.5	0
1101	0
1101.5	0
1102	0
1102.5	0
1103	0
1103.5	0
1104	0
1104.5	0
1105	0
1105.5	0
1106	0
1106.5	0
1107	0
1107.5	0
1108	0
1108.5	0
1109	0
1109.5	0
1110	0
1110.5	0
1111	0
1111.5	0
1112	0
1112.5	0
1113	0
1113.5	0
1114	0
1114.5	0
1115	0
1115.5	0
1116	0
1116.5	0
1117	0
1117.5	0
1118	0
1118.5	0
1119	0
1119.5	0
1120	0
1120.5	0
1121	0
1121.5	0
1122	0
1122.5	0
1123	0
1123.5	0
1124	0
1124.5	0
1125	0
1125.5	0
1126	0
1126.5	0
1127	0
1127.5	0
1128	0
1128.5	0
1129	0
1129.5	0
1130	0
1130.5	0
1131	0
1131.5	0
1132	0
1132.5	0
1133	0
1133.5	0
1134	0
1134.5	0
1135	0
1135.5	0
1136	0
1136.5	0
1137	0
1137.5	0
1138	0
1138.5	0
1139	0
1139.5	0
1140	0
1140.5	0
1141	0
1141.5	0
1142	0
1142.5	0
1143	0
1143.5	0
1144	0
1144.5	0
1145	0
1145.5	0
1146	0
1146.5	0
1147	0
1147.5	0
1148	0
1148.5	0
1149	0
1149.5	0
1150	0
1150.5	0
1151	0
1151.5	0
1152	0
1152.5	0
1153	0
1153.5	0
1154	0
1154.5	0
1155	0
1155.5	0
1156	0
1156.5	0
1157	0
1157.5	0
1158	0
1158.5	0
1159	0
1159.5	0
1160	0
1160.5	0
1161	0
1161.5	0
1162	0
1162.5	0
1163	0
1163.5	0
1164	0
1164.5	0
1165	0
1165.5	0
1166	0
1166.5	0
1167	0
1167.5	0
1168	0
1168.5	0
1169	0
1169.5	0
1170	0
1170.5	0
1171	0
1171.5	0
1172	0
1172.5	0
1173	0
1173.5	0
1174	0
1174.5	0
1175	0
1175.5	0
1176	0
1176.5	0
1177	0
1177.5	0
1178	0
1178.5	0
1179	0
1179.5	0
1180	0
1180.5	0
1181	0
1181.5	0
1182	0
1182.5	0
1183	0
1183.5	0
1184	0
1184.5	0
1185	0
1185.5	0
1186	0
1186.5	0
1187	0
1187.5	0
1188	0
1188.5	0
1189	0
1189.5	0
1190	0
1190.5	0
1191	0
1191.5	0
1192	0
1192.5	0
1193	0
1193.5	0
1194	0
1194.5	0
1195	0
1195.5	0
1196	0
1196.5	0
1197	0
1197.5	0
1198	0
1198.5	0
1199	0
1199.5	0
