Wavelength_nm	Transmission
350	0.001432354
351	0.001412078
352	0.001388468
353	0.001457267
354	0.001387952
355	0.001208498
356	0.000987885
357	0.000919935
358	0.000958547
359	0.00095788
360	0.001006646
361	0.001356038
362	0.001639601
363	0.001690458
364	0.001556556
365	0.001541402
366	0.001526582
367	0.001248808
368	0.001051017
369	0.001011071
370	0.001297755
371	0.001578257
372	0.001739981
373	0.002085827
374	0.002232003
375	0.002395091
376	0.002419034
377	0.002230124
378	0.002052579
379	0.001947864
380	0.002079644
381	0.002162021
382	0.002029969
383	0.002184086
384	0.002552905
385	0.002950972
386	0.00299807
387	0.003030379
388	0.003320124
389	0.003446812
390	0.00337771
391	0.003106452
392	0.002940182
393	0.00308463
394	0.003069779
395	0.003181616
396	0.003538343
397	0.003847485
398	0.004054187
399	0.004109347
400	0.004315442
401	0.004394243
402	0.004353934
403	0.004448192
404	0.004563969
405	0.004642467
406	0.004776732
407	0.005040715
408	0.005175283
409	0.00529197
410	0.00559202
411	0.005925409
412	0.006301836
413	0.006685233
414	0.007387775
415	0.008144568
416	0.008871963
417	0.009637545
418	0.010459198
419	0.011571809
420	0.012675024
421	0.013977363
422	0.015667343
423	0.017567964
424	0.019869561
425	0.022408168
426	0.025309563
427	0.028510099
428	0.032128886
429	0.036399298
430	0.041469844
431	0.047152613
432	0.053453668
433	0.060809445
434	0.069626072
435	0.079645932
436	0.090535633
437	0.1027498
438	0.11647634
439	0.13123032
440	0.14690568
441	0.1633751
442	0.1807174
443	0.19903864
444	0.21882378
445	0.23937267
446	0.26002461
447	0.28171309
448	0.30527764
449	0.33094861
450	0.35901391
451	0.39004941
452	0.4244188
453	0.46336471
454	0.50840255
455	0.55716829
456	0.60735851
457	0.66242834
458	0.72201407
459	0.78053902
460	0.83212341
461	0.87831296
462	0.91880459
463	0.95108272
464	0.97669307
465	0.99424146
466	1
467	0.99305944
468	0.97584444
469	0.94486956
470	0.89925586
471	0.84809578
472	0.79911789
473	0.75132201
474	0.7034049
475	0.65803366
476	0.61611756
477	0.57404991
478	0.53089117
479	0.49012677
480	0.45345396
481	0.42072121
482	0.3900191
483	0.36252965
484	0.33831347
485	0.31582486
486	0.29338171
487	0.27158109
488	0.25089278
489	0.23116827
490	0.21224995
491	0.19499251
492	0.17989605
493	0.1663362
494	0.15402202
495	0.14302624
496	0.13279725
497	0.12304107
498	0.11437902
499	0.10634434
500	0.098536973
501	0.091399414
502	0.085265054
503	0.079348912
504	0.073141813
505	0.067413581
506	0.061994492
507	0.056514787
508	0.051362409
509	0.046801039
510	0.042566997
511	0.038629975
512	0.03524759
513	0.032231934
514	0.029505114
515	0.026981055
516	0.024767957
517	0.022977354
518	0.0212407
519	0.019648009
520	0.018146243
521	0.016966954
522	0.015745235
523	0.014470779
524	0.013503041
525	0.012725941
526	0.011927929
527	0.0111972
528	0.010588917
529	0.009975178
530	0.00932416
531	0.008744063
532	0.008131536
533	0.00710591
534	0.006337296
535	0.005894495
536	0.005428356
537	0.004794614
538	0.004324535
539	0.004187845
540	0.003960231
541	0.003604414
542	0.003179798
543	0.002978249
544	0.002867867
545	0.00259279
546	0.002333595
547	0.002427187
548	0.002445008
549	0.002388665
550	0.002434127
551	0.002272616
552	0.0020547
553	0.001773411
554	0.00169167
555	0.001443931
556	0.001381103
557	0.001590865
558	0.001590804
559	0.001672818
560	0.001564982
561	0.001453236
562	0.001429778
563	0.001468845
564	0.001413472
565	0.001214681
566	0.001242837
567	0.001031741
568	0.000577968
569	0.000308832
570	0.000314864
571	0.000318046
572	0.000289981
573	0.000398999
574	0.000550449
575	0.000608913
576	0.000563269
577	0.000570573
578	0.000550085
579	0.000534688
580	0.000424033
581	0.000572664
582	0.000660376
583	0.000610125
584	0.00042764
585	0.000545811
586	0.000459827
587	0.000382451
588	0.000286095
589	0.000540568
590	0.000535264
591	0.000599608
592	0.000495409
593	0.000314045
594	0.000123138
595	8.03698e-05
596	0
597	0
598	0
599	0.000180311
600	6.721e-05
601	0.000139568
602	0.000311075
603	7.80028e-05
604	0
605	0
606	0
607	0
608	0
609	0
610	3.09555e-05
611	0.000213592
612	0.000295648
613	0.000224982
614	4.05025e-05
615	0
616	0
617	0
618	0
619	0
620	0
621	0
622	7.90514e-05
623	0.000266283
624	0.000181729
625	0.000403424
626	0.000387755
627	0.000157562
628	0
629	0
630	0
631	0
632	0
633	0
634	0
635	0
636	4.60126e-05
637	0.000168206
638	0.000314864
639	0.00015978
640	0.000152052
641	0
642	0
643	0
644	0
645	0
646	0
647	0.000141753
648	0.000278182
649	0.000363448
650	0.000263882
651	0.000170152
652	7.2026e-05
653	7.46355e-05
654	0.000253596
655	0.000473921
656	0.00050047
657	0.000319561
658	0.000176392
659	0
660	0
661	0
662	0
663	0
664	0
665	0
666	0
667	0
668	0
669	0
670	2.44726e-05
671	0.000312318
672	0.000346627
673	0.000427519
674	0.000466162
675	0.000395119
676	0.000299376
677	0.000206242
678	0.000121865
679	0.000121931
680	0.000224321
681	0.000446704
682	0.000598275
683	0.000655678
684	0.000511897
685	0.000493287
686	0.000110257
687	0
688	0
689	0
690	0
691	0
692	0
693	0
694	0
695	0
696	6.59523e-05
697	0.000160692
698	0.000183727
699	0.000108029
700	0.000168327
701	0
702	0
703	0
704	0
705	0
706	0
707	0
708	0
709	0
710	0
711	0
712	0
713	0
714	0
715	0
716	0
717	0
718	0
719	1.39175e-05
720	0.000283928
721	0.000209561
722	0.000132145
723	0
724	0
725	0
726	0
727	0
728	0
729	0
730	0.000114166
731	3.19587e-05
732	0
733	0
734	0.000197862
735	0.00040406
736	0.000584727
737	0.000621642
738	0.0004257
739	0.000151091
740	0.00013343
741	0.000182093
742	0.00010418
743	0
744	0
745	0
746	0
747	0
748	0
749	0
750	0
751	0
752	0
753	0
754	0.000262515
755	0.00035287
756	0.000482589
757	0.000479103
758	0.000250177
759	5.94724e-05
760	2.88491e-05
761	7.04409e-05
762	0.000184272
763	0.00049162
764	0.000775486
765	0.000728084
766	0.000454766
767	0.000430944
768	3.37996e-06
769	0
770	6.03695e-05
771	0.000100952
772	8.84318e-05
773	0
774	0
775	0
776	0
777	0
778	0
779	0
780	0
781	0.000101155
782	0.000148945
783	0.000195592
784	0.000125553
785	5.16923e-05
786	0
787	0.000227946
788	0.000371903
789	0.000276415
790	0.00030662
791	0.000185172
792	0.000165699
793	0.000158437
794	0
795	0
796	0
797	0
798	0
799	0
800	0
801	0
802	0
803	2.56031e-05
804	4.38516e-05
805	0
806	0
807	0
808	0
809	1.87686e-05
810	6.56916e-05
811	0.000152703
812	0.000306862
813	0.000251508
814	9.89972e-05
815	0
816	0
817	0
818	0
819	0
820	0
821	0
822	0
823	0
824	0
825	0
826	0
827	0
828	0
829	0
830	0
831	0
832	0
833	0.000153985
834	0.000245561
835	0.000226882
836	0.000420002
837	0.000308802
838	0
839	0
840	0
841	0
842	0
843	0
844	0
845	0
846	0
847	0
848	0
849	0
850	0
