lambda	exc	em
400	4.5283	0
401	4.5283	0
402	4.5283	0
403	4.5283	0
404	4.40252	0
405	4.27673	0
406	4.27673	0
407	4.27673	0
408	4.27673	0
409	4.27673	0
410	4.27673	0
411	4.02516	0
412	4.15094	0
413	4.02516	0
414	3.89937	0
415	3.89937	0
416	3.89937	0
417	3.89937	0
418	3.89937	0
419	3.89937	0
420	3.6478	0
421	3.6478	0
422	3.6478	0
423	3.6478	0
424	3.6478	0
425	3.6478	0
426	3.6478	0
427	3.6478	0
428	3.6478	0
429	3.6478	0
430	3.6478	0
431	3.6478	0
432	3.6478	0
433	3.6478	0
434	3.6478	0
435	3.6478	0
436	3.6478	0
437	3.6478	0
438	3.77358	0
439	3.77358	0
440	3.77358	0
441	3.89937	0
442	3.89937	0
443	3.89937	0
444	3.89937	0
445	3.89937	0
446	3.89937	0
447	3.89937	0
448	4.02516	0
449	4.27673	0
450	4.27673	0
451	4.27673	0
452	4.27673	0
453	4.27673	0
454	4.5283	0
455	4.5283	0
456	4.65409	0
457	4.77987	0
458	4.90566	0
459	4.90566	0
460	4.90566	0
461	5.03145	0
462	5.28302	0
463	5.28302	0
464	5.4088	0
465	5.53459	0
466	5.66038	0
467	5.91195	0
468	5.91195	0
469	6.16352	0
470	6.28931	0
471	6.54088	0
472	6.54088	0
473	6.91824	0
474	7.04403	0
475	7.2956	0
476	7.54717	0
477	7.79874	0
478	7.92453	0
479	8.1761	0
480	8.55346	0
481	8.93082	0
482	9.18239	0
483	9.55975	0
484	9.68553	0
485	10.0629	0
486	10.3145	0
487	10.6918	0
488	11.0692	0
489	11.3208	0
490	11.6981	0
491	12.2013	0
492	12.5786	0
493	12.8302	0
494	13.3333	0
495	13.8365	0
496	14.2138	0
497	14.8428	0
498	15.3459	0
499	15.8491	0
500	16.478	0
501	17.1069	0
502	17.8616	0
503	18.6164	0
504	19.4969	0
505	20.1258	0
506	21.1321	0
507	22.1384	0
508	22.8931	0
509	24.0252	0
510	25.0314	0
511	26.0377	0
512	27.1698	0
513	28.4277	0
514	29.434	0
515	30.6918	0
516	31.6981	0
517	32.8302	0
518	33.9623	0
519	34.9686	0
520	35.9748	0
521	36.9811	0
522	37.6101	0
523	38.6164	0
524	39.2453	0
525	40	0
526	40.6289	0
527	41.2579	0
528	41.8868	0
529	42.6415	0
530	43.2704	0
531	43.8994	0
532	44.7799	0
533	45.5346	0
534	46.1635	0
535	47.1698	0
536	48.3019	0
537	49.5597	0
538	50.8176	0
539	52.2013	0
540	53.8365	0
541	55.4717	0
542	57.4843	0
543	59.4969	0
544	61.761	0
545	64.0252	0
546	66.5409	0
547	69.0566	0
548	71.8239	0
549	74.8428	0
550	77.8616	5.382352941
551	80.7547	5.441176471
552	83.8994	5.926470588
553	86.9182	6.794117647
554	89.6855	8.044117647
555	92.327	9.647058824
556	94.717	11.57352941
557	96.9811	13.80882353
558	98.3648	16.32352941
559	99.4969	19.11764706
560	100	22.05882353
561	100	25.29411765
562	99.2453	28.82352941
563	97.7358	32.5
564	95.9748	36.47058824
565	93.3333	40.29411765
566	90.3145	44.41176471
567	87.044	48.23529412
568	83.3962	52.35294118
569	79.3711	56.32352941
570	75.4717	60.14705882
571	71.195	63.97058824
572	67.044	67.64705882
573	63.0189	71.02941176
574	59.2453	74.26470588
575	55.2201	77.64705882
576	51.8239	80.44117647
577	48.6792	83.08823529
578	45.5346	85.58823529
579	42.3899	87.5
580	39.7484	89.41176471
581	37.1069	91.17647059
582	34.5912	92.94117647
583	32.4528	94.41176471
584	30.4403	95.44117647
585	28.4277	96.47058824
586	26.6667	97.5
587	25.0314	97.94117647
588	23.522	98.67647059
589	22.0126	99.26470588
590	20.5031	99.55882353
591	19.2453	99.85294118
592	18.1132	100
593	16.8553	100
594	15.7233	100
595	14.5912	100
596	13.5849	99.85294118
597	12.5786	99.85294118
598	11.8239	99.26470588
599	10.8176	98.97058824
600	9.93711	98.38235294
601	9.18239	97.79411765
602	8.42767	97.35294118
603	7.79874	96.76470588
604	7.16981	96.02941176
605	6.54088	95.29411765
606	6.16352	94.55882353
607	5.53459	93.97058824
608	5.15723	93.08823529
609	4.77987	92.35294118
610	4.27673	91.61764706
611	3.89937	90.29411765
612	3.52201	89.11764706
613	3.39623	87.94117647
614	3.14465	86.61764706
615	2.89308	85.58823529
616	2.51572	84.26470588
617	2.51572	83.08823529
618	2.26415	81.76470588
619	2.13836	80.29411765
620	1.88679	78.82352941
621	1.88679	77.64705882
622	1.63522	76.17647059
623	1.50943	74.70588235
624	1.50943	73.23529412
625	1.50943	71.91176471
626	1.25786	70.44117647
627	1.25786	68.97058824
628	1.25786	67.64705882
629	1.25786	66.17647059
630	1.25786	64.70588235
631	1.00629	63.23529412
632	0.880503	61.76470588
633	0.880503	60.14705882
634	0.880503	58.67647059
635	0.880503	57.20588235
636	0.880503	56.02941176
637	0.880503	54.70588235
638	0.880503	53.23529412
639	0.880503	52.05882353
640	0.880503	50.88235294
641	0.880503	49.55882353
642	0.880503	48.38235294
643	0.880503	47.20588235
644	0.880503	46.02941176
645	0.880503	45
646	0.754717	43.97058824
647	0.754717	42.79411765
648	0.628931	41.61764706
649	0.628931	40.58823529
650	0.628931	39.41176471
651	0.628931	38.08823529
652	0.754717	36.91176471
653	0.628931	35.88235294
654	0.754717	34.70588235
655	0.628931	33.67647059
656	0.754717	32.64705882
657	0.754717	31.76470588
658	0.754717	31.02941176
659	0.754717	30
660	0.754717	29.26470588
661	0.754717	28.52941176
662	0.754717	27.79411765
663	0.754717	27.20588235
664	0.754717	26.61764706
665	0.754717	26.02941176
666	0.754717	25.44117647
667	0.754717	24.85294118
668	0.754717	24.11764706
669	0.754717	23.52941176
670	0.754717	22.94117647
671	0.754717	22.5
672	0.754717	21.91176471
673	0.754717	21.32352941
674	0.754717	20.58823529
675	0.754717	20
676	0.754717	19.41176471
677	0.754717	18.82352941
678	0.754717	18.23529412
679	0.754717	17.64705882
680	0.754717	17.20588235
681	0.754717	16.76470588
682	0.754717	16.32352941
683	0.628931	15.88235294
684	0.754717	15.58823529
685	0.754717	15.14705882
686	0.628931	14.70588235
687	0.628931	14.27941176
688	0.628931	13.94117647
689	0.628931	13.80882353
690	0.628931	13.5
691	0.628931	13.19117647
692	0.628931	12.80882353
693	0.628931	12.55882353
694	0.628931	12.16176471
695	0.628931	11.76470588
696	0.628931	11.54411765
697	0.628931	11.20588235
698	0.628931	10.86764706
699	0.628931	10.42647059
700	0.628931	10.22058824
701	0.503145	10.02941176
702	0	9.823529412
703	0	9.455882353
704	0	9.191176471
705	0	9.058823529
706	0	8.926470588
707	0	8.75
708	0	8.602941176
709	0	8.294117647
710	0	8.161764706
711	0	7.838235294
712	0	7.514705882
713	0	7.308823529
714	0	7.058823529
715	0	6.838235294
716	0	6.632352941
717	0	6.470588235
718	0	6.25
719	0	6
720	0	5.720588235
721	0	5.617647059
722	0	5.544117647
723	0	5.382352941
724	0	5.235294118
725	0	5.029411765
726	0	5.102941176
727	0	5.102941176
728	0	4.985294118
729	0	4.794117647
730	0	4.529411765
731	0	4.441176471
732	0	4.426470588
733	0	4.352941176
734	0	4.294117647
735	0	4.058823529
736	0	3.911764706
737	0	3.926470588
738	0	3.838235294
739	0	3.823529412
740	0	3.661764706
741	0	3.5
742	0	3.514705882
743	0	3.470588235
744	0	3.397058824
745	0	3.264705882
746	0	3.117647059
747	0	3.058823529
748	0	3.102941176
749	0	2.882352941
750	0	2.661764706
751	0	2.588235294
752	0	2.529411765
753	0	2.485294118
754	0	2.411764706
755	0	2.176470588
756	0	2.235294118
757	0	2.102941176
758	0	2.161764706
759	0	2.161764706
760	0	2.220588235
761	0	2.147058824
762	0	2.191176471
763	0	2.308823529
764	0	2.323529412
765	0	2.191176471
766	0	2.029411765
767	0	1.911764706
768	0	1.941176471
769	0	1.823529412
770	0	1.794117647
771	0	1.691176471
772	0	1.441176471
773	0	1.292647059
774	0	1.188235294
775	0	0.989705882
776	0	0.944117647
777	0	0.961764706
778	0	0.908823529
779	0	0.835294118
780	0	0.926470588
781	0	0.985294118
782	0	1.070588235
783	0	1.098529412
784	0	1.155882353
785	0	1.294117647
786	0	1.114705882
787	0	1.127941176
788	0	1.25
789	0	1.344117647
790	0	1.410294118
791	0	1.470588235
792	0	1.529411765
793	0	1.573529412
794	0	1.602941176
795	0	1.632352941
796	0	1.632352941
797	0	1.632352941
798	0	1.602941176
799	0	1.544117647
800	0	1.463235294
