Wavelength_nm	Excitation	Emission
350	0.0092	0
351	0.0102	0
352	0.0112	0
353	0.0122	0
354	0.0131	0
355	0.0141	0
356	0.015	0
357	0.016	0
358	0.0169	0
359	0.0178	0
360	0.0187	0
361	0.0195	0
362	0.0204	0
363	0.0212	0
364	0.0221	0
365	0.0229	0
366	0.0237	0
367	0.0245	0
368	0.0253	0
369	0.0261	0
370	0.0268	0
371	0.0276	0
372	0.0283	0
373	0.0291	0
374	0.0298	0
375	0.0305	0
376	0.0311	0
377	0.0318	0
378	0.0325	0
379	0.0332	0
380	0.0339	0
381	0.0347	0
382	0.0356	0
383	0.0366	0
384	0.0378	0
385	0.0392	0
386	0.0408	0
387	0.0428	0
388	0.045	0
389	0.0476	0
390	0.0504	0
391	0.0533	0
392	0.0563	0
393	0.0593	0
394	0.0623	0
395	0.0651	0
396	0.0677	0
397	0.0703	0
398	0.0728	0
399	0.0754	0
400	0.0782	0
401	0.0813	0
402	0.0849	0
403	0.0889	0
404	0.0933	0
405	0.0982	0
406	0.1035	0
407	0.109	0
408	0.1148	0
409	0.1206	0
410	0.1266	0
411	0.1325	0
412	0.1385	0
413	0.1444	0
414	0.1503	0
415	0.1562	0
416	0.1621	0
417	0.168	0
418	0.174	0
419	0.18	0
420	0.1861	0
421	0.1923	0
422	0.1986	0
423	0.2052	0
424	0.2121	0
425	0.2193	0
426	0.2269	0
427	0.2351	0
428	0.244	0
429	0.2534	0
430	0.2636	0
431	0.2745	0
432	0.286	0
433	0.2982	0
434	0.3108	0
435	0.3239	0
436	0.3372	0
437	0.3507	0
438	0.3643	0
439	0.3779	0
440	0.3914	0
441	0.4046	0
442	0.4177	0
443	0.4304	0
444	0.4429	0
445	0.455	0
446	0.4669	0
447	0.4785	0
448	0.4899	0
449	0.5012	0
450	0.5125	0
451	0.5238	0
452	0.5352	0
453	0.5467	0
454	0.5584	0
455	0.5702	0
456	0.5822	0
457	0.5943	0
458	0.6066	0
459	0.6191	0
460	0.6316	0
461	0.6442	0
462	0.6569	0
463	0.6696	0
464	0.6824	0
465	0.6951	0
466	0.7078	0
467	0.7204	0
468	0.7329	0
469	0.7452	0
470	0.7575	0
471	0.7698	0
472	0.7821	0
473	0.7946	0
474	0.8073	0
475	0.8204	0
476	0.8337	0
477	0.8473	0
478	0.8609	0
479	0.8745	0
480	0.8876	0
481	0.8999	0
482	0.9112	0
483	0.9213	0
484	0.9301	0
485	0.9377	0
486	0.9445	0
487	0.9505	0
488	0.9561	0
489	0.9615	0
490	0.9669	0
491	0.9723	0
492	0.9777	0
493	0.9829	0
494	0.9876	0
495	0.9916	0
496	0.9949	0
497	0.9973	0
498	0.9989	0
499	0.9998	0
500	1	0
501	0.9994	0
502	0.9978	0
503	0.9952	0
504	0.9918	0
505	0.9882	0
506	0.985	0
507	0.983	0
508	0.9824	0
509	0.9828	0
510	0.9839	0
511	0.985	0
512	0.986	0
513	0.9866	0
514	0.9868	0
515	0.9866	0
516	0.9865	0
517	0.9866	0
518	0.9873	0
519	0.9886	0.0008
520	0.9903	0.0019
521	0.9918	0.0032
522	0.9918	0.0048
523	0.9893	0.0065
524	0.9836	0.0085
525	0.9745	0.0107
526	0.9626	0.0134
527	0.9485	0.0168
528	0.9334	0.0209
529	0.9179	0.0261
530	0.9024	0.0325
531	0.8861	0.0403
532	0.8683	0.0493
533	0.8486	0.0595
534	0.8272	0.0707
535	0.8041	0.0828
536	0.7793	0.0956
537	0.7526	0.1088
538	0.7242	0.1226
539	0.6953	0.1369
540	0.6669	0.152
541	0.6401	0.168
542	0.615	0.1854
543	0.5908	0.2042
544	0.5664	0.2247
545	0.541	0.2468
546	0.5146	0.2704
547	0.488	0.2951
548	0.462	0.3207
549	0.4366	0.3467
550	0.4112	0.373
551	0.3853	0.3996
552	0.3592	0.4264
553	0.3334	0.4535
554	0.3089	0.4809
555	0.286	0.5084
556	0.2647	0.5359
557	0.2446	0.5632
558	0.2256	0.59
559	0.2078	0.6158
560	0.1915	0.6402
561	0.1768	0.6629
562	0.1635	0.6837
563	0.1513	0.703
564	0.1397	0.7217
565	0.1283	0.741
566	0.1169	0.7613
567	0.1059	0.7828
568	0.0955	0.8051
569	0.086	0.8274
570	0.0774	0.8489
571	0.0698	0.8691
572	0.063	0.8873
573	0.0569	0.9032
574	0.0514	0.9166
575	0.0464	0.9275
576	0.0419	0.9363
577	0.0376	0.9437
578	0.0336	0.9506
579	0.0297	0.9576
580	0.0258	0.9648
581	0.0219	0.9717
582	0.0181	0.9782
583	0.0143	0.9838
584	0.0105	0.9885
585	0.0075	0.9922
586	0.0046	0.9952
587	0.002	0.9975
588	0	0.9991
589	0	1
590	0	1
591	0	0.9989
592	0	0.9965
593	0	0.9929
594	0	0.988
595	0	0.9818
596	0	0.9744
597	0	0.9661
598	0	0.9571
599	0	0.9475
600	0	0.9375
601	0	0.9272
602	0	0.9165
603	0	0.9055
604	0	0.8938
605	0	0.8816
606	0	0.8686
607	0	0.855
608	0	0.841
609	0	0.8267
610	0	0.8125
611	0	0.7985
612	0	0.7848
613	0	0.7714
614	0	0.7581
615	0	0.7448
616	0	0.7312
617	0	0.7171
618	0	0.7022
619	0	0.6864
620	0	0.6697
621	0	0.6524
622	0	0.6348
623	0	0.6171
624	0	0.5999
625	0	0.5832
626	0	0.5673
627	0	0.552
628	0	0.5373
629	0	0.5228
630	0	0.5084
631	0	0.494
632	0	0.4794
633	0	0.4645
634	0	0.4496
635	0	0.4346
636	0	0.4199
637	0	0.4058
638	0	0.3923
639	0	0.3797
640	0	0.3679
641	0	0.3568
642	0	0.346
643	0	0.3355
644	0	0.325
645	0	0.3143
646	0	0.3033
647	0	0.2922
648	0	0.2811
649	0	0.2701
650	0	0.2595
651	0	0.2496
652	0	0.2406
653	0	0.2325
654	0	0.2254
655	0	0.2192
656	0	0.2135
657	0	0.2083
658	0	0.2031
659	0	0.1978
660	0	0.1922
661	0	0.1861
662	0	0.1796
663	0	0.1727
664	0	0.1655
665	0	0.1581
666	0	0.1509
667	0	0.1439
668	0	0.1372
669	0	0.1309
670	0	0.1251
671	0	0.1197
672	0	0.1147
673	0	0.1101
674	0	0.1058
675	0	0.1017
676	0	0.0978
677	0	0.0939
678	0	0.0902
679	0	0.0865
680	0	0.0828
681	0	0.0791
682	0	0.0755
683	0	0.0719
684	0	0.0683
685	0	0.0648
686	0	0.0614
687	0	0.0581
688	0	0.0548
689	0	0.0516
690	0	0.0485
691	0	0.0455
692	0	0.0426
693	0	0.0399
694	0	0.0373
695	0	0.0348
696	0	0.0325
697	0	0.0304
698	0	0.0284
699	0	0.0266
700	0	0.0249
701	0	0.0234
702	0	0.022
703	0	0.0206
704	0	0.0194
705	0	0.0181
706	0	0.0169
707	0	0.0156
708	0	0.0144
709	0	0.0131
710	0	0.0119
711	0	0.0106
712	0	0.0094
713	0	0.0083
714	0	0.0073
715	0	0.0063
716	0	0.0054
717	0	0.0047
718	0	0.004
719	0	0.0035
720	0	0.003
721	0	0.0027
722	0	0.0024
723	0	0.0022
724	0	0.002
725	0	0.002
726	0	0.0019
727	0	0.0019
728	0	0.0019
729	0	0.0019
730	0	0.002
731	0	0.0021
732	0	0.0021
733	0	0.0022
734	0	0.0022
735	0	0.0022
736	0	0.0022
737	0	0.0021
738	0	0.002
739	0	0.0018
740	0	0.0015
741	0	0.0012
742	0	0.0007
743	0	0.0002
744	0	0
745	0	0
746	0	0
747	0	0
748	0	0
749	0	0
750	0	0
751	0	0
752	0	0
753	0	0
754	0	0
755	0	0
756	0	0
757	0	0
758	0	0
759	0	0
760	0	0
761	0	0
762	0	0
763	0	0
764	0	0
765	0	0
766	0	0
767	0	0
768	0	0
769	0	0
770	0	0
771	0	0
772	0	0
773	0	0
774	0	0
775	0	0
776	0	0
777	0	0
778	0	0
779	0	0
780	0	0
781	0	0
782	0	0
783	0	0
784	0	0
785	0	0
786	0	0
787	0	0
788	0	0
789	0	0
790	0	0
791	0	0
792	0	0
793	0	0
794	0	0
795	0	0
796	0	0
797	0	0
798	0	0
799	0	0
800	0	0
801	0	0
802	0	0
803	0	0
804	0	0
805	0	0
806	0	0
807	0	0
808	0	0
809	0	0
810	0	0
811	0	0
812	0	0
813	0	0
814	0	0
815	0	0
816	0	0
817	0	0
818	0	0
819	0	0
820	0	0
821	0	0
822	0	0
823	0	0
824	0	0
825	0	0
826	0	0
827	0	0
828	0	0
829	0	0
830	0	0
831	0	0
832	0	0
833	0	0
834	0	0
835	0	0
836	0	0
837	0	0
838	0	0
839	0	0
840	0	0
841	0	0
842	0	0
843	0	0
844	0	0
845	0	0
846	0	0
847	0	0
848	0	0
849	0	0
850	0	0
