Wavelength_nm	Excitation	Emission
350	0.011906243	0
351	0.011625722	0
352	0.011506033	0
353	0.011038498	0
354	0.010305403	0
355	0.010024882	0
356	0.010305403	0
357	0.0095573474	0
358	0.0099051933	0
359	0.0097181794	0
360	0.0091047737	0
361	0.0092917876	0
362	0.0092048262	0
363	0.0082697564	0
364	0.0079041441	0
365	0.0074366093	0
366	0.0075039344	0
367	0.0082519901	0
368	0.0081042491	0
369	0.0079172352	0
370	0.0097050884	0
371	0.0091440465	0
372	0.0095049835	0
373	0.0092244626	0
374	0.010005246	0
375	0.0099117388	0
376	0.0095049835	0
377	0.0090374486	0
378	0.0090047212	0
379	0.0092852421	0
380	0.0097050884	0
381	0.009327532	0
382	0.0098126214	0
383	0.0099996354	0
384	0.0098247773	0
385	0.010105299	0
386	0.010010909	0
387	0.0099089336	0
388	0.010002441	0
389	0.010331585	0
390	0.010705613	0
391	0.010705613	0
392	0.010805665	0
393	0.0112732	0
394	0.010805665	0
395	0.0112732	0
396	0.011205875	0
397	0.011392889	0
398	0.012006295	0
399	0.012099802	0
400	0.012906767	0
401	0.013561316	0
402	0.014007344	0
403	0.014194358	0
404	0.014307502	0
405	0.014307502	0
406	0.014307502	0
407	0.014307502	0
408	0.015207974	0
409	0.01530148	0
410	0.017108971	0
411	0.016825803	0
412	0.017420349	0
413	0.01770087	0
414	0.018875317	0
415	0.019810387	0
416	0.020848667	0
417	0.021548681	0
418	0.022483751	0
419	0.02315139	0
420	0.023712433	0
421	0.0239956	0
422	0.025035557	0
423	0.025596598	0
424	0.026185692	0
425	0.027214268	0
426	0.028535717	0
427	0.028912355	0
428	0.031343537	0
429	0.033374508	0
430	0.035618675	0
431	0.039111072	0
432	0.041533926	0
433	0.044339135	0
434	0.046113898	0
435	0.048825599	0
436	0.051657273	0
437	0.055552491	0
438	0.058638221	0
439	0.062903073	0
440	0.065334255	0
441	0.068071539	0
442	0.072024679	0
443	0.076700028	0
444	0.082217874	0
445	0.086145166	0
446	0.090203898	0
447	0.095651084	0
448	0.098175773	0
449	0.10153081	0
450	0.10835681	0
451	0.11326505	0
452	0.1214216	0
453	0.12787358	0
454	0.13622563	0
455	0.14557633	0
456	0.15822446	0
457	0.16955993	0
458	0.18134181	0
459	0.18836698	0
460	0.19220078	0
461	0.19607072	0
462	0.20282878	0
463	0.21339506	0
464	0.22997011	0
465	0.24782994	0
466	0.26076125	0
467	0.27444857	0
468	0.287072	0
469	0.30080724	0
470	0.31866707	0
471	0.33367494	0
472	0.34688093	0
473	0.36436674	0
474	0.37978136	0
475	0.39810873	0
476	0.41292782	0
477	0.42740352	0
478	0.44189711	0
479	0.46476704	0
480	0.4922581	0
481	0.52208142	0
482	0.54317133	0
483	0.53951749	0
484	0.53124392	0
485	0.53107845	0
486	0.52589785	0
487	0.52330033	0
488	0.53984651	0
489	0.5669687	0
490	0.57440117	0.012902605
491	0.57892276	0.011171487
492	0.58956681	0.013593129
493	0.60560406	0.016778388
494	0.62494112	0.020529146
495	0.65474329	0.02527177
496	0.69881832	0.031973764
497	0.74057098	0.037551814
498	0.76632294	0.047033536
499	0.77880833	0.058540392
500	0.80282092	0.069113956
501	0.83444127	0.083251426
502	0.86618125	0.10525971
503	0.89937622	0.12272093
504	0.92683267	0.14753364
505	0.95179903	0.17836935
506	0.96189866	0.21359602
507	0.98251421	0.24869925
508	1	0.29370449
509	0.99752769	0.34057829
510	0.98901854	0.3827773
511	0.97266382	0.43701901
512	0.94502047	0.50537513
513	0.91869898	0.5533829
514	0.88954909	0.6069514
515	0.86356611	0.66114016
516	0.83492717	0.72377307
517	0.78788328	0.77801479
518	0.74055365	0.82920975
519	0.67658807	0.87665797
520	0.61722362	0.91228421
521	0.54651346	0.94421374
522	0.49611396	0.97179238
523	0.43063733	0.98990181
524	0.38118832	1
525	0.33042658	0.99777481
526	0.28547371	0.99020283
527	0.23958427	0.98029698
528	0.20931456	0.96353591
529	0.17556348	0.94100906
530	0.14697706	0.91938565
531	0.11813842	0.89457295
532	0.097094597	0.85198742
533	0.079860318	0.82872888
534	0.068465994	0.79679935
535	0.056129429	0.76908864
536	0.046124183	0.73102261
537	0.037356479	0.70351705
538	0.03137276	0.67134614
539	0.025676569	0.64140571
540	0.021111068	0.62292579
541	0.018032532	0.59595955
542	0.01565821	0.56963055
543	0.013166518	0.54303004
544	0.011146229	0.52827948
545	0.010078618	0.51070313
546	0	0.49462144
547	0	0.48088157
548	0	0.46343047
549	0	0.45076772
550	0	0.43998885
551	0	0.43046769
552	0	0.41805364
553	0	0.41409516
554	0	0.40467017
555	0	0.39645339
556	0	0.38076727
557	0	0.37711268
558	0	0.36698372
559	0	0.35858193
560	0	0.35077083
561	0	0.34027851
562	0	0.33369263
563	0	0.32277683
564	0	0.31299233
565	0	0.30396137
566	0	0.29258653
567	0	0.28369904
568	0	0.27142374
569	0	0.26413877
570	0	0.25365122
571	0	0.2414919
572	0	0.23325486
573	0	0.22215651
574	0	0.21235453
575	0	0.20274094
576	0	0.19499428
577	0	0.18703583
578	0	0.17681532
579	0	0.17140743
580	0	0.16383308
581	0	0.15706701
582	0	0.14874751
583	0	0.14195002
584	0	0.1356672
585	0	0.13032632
586	0	0.12483501
587	0	0.1184443
588	0	0.11200126
589	0	0.10828497
590	0	0.10372095
591	0	0.099504406
592	0	0.095232822
593	0	0.091256291
594	0	0.086938914
595	0	0.084317026
596	0	0.081963609
597	0	0.078680936
598	0	0.075598761
599	0	0.073595443
600	0	0.069614057
601	0	0.06723734
602	0	0.064566503
603	0	0.062783265
604	0	0.059955671
605	0	0.059812077
606	0	0.056592616
607	0	0.054608085
608	0	0.052583885
609	0	0.051661412
610	0	0.049209936
611	0	0.046954579
612	0	0.045577165
613	0	0.044244856
614	0	0.04316794
615	0	0.041808442
616	0	0.039553084
617	0	0.038556329
618	0	0.037726064
619	0	0.036389872
620	0	0.03580723
621	0	0.033133423
622	0	0.032126289
623	0	0.03095331
624	0	0.02948021
625	0	0.028940158
626	0	0.027569924
627	0	0.026946617
628	0	0.025760648
629	0	0.024295102
630	0	0.023804807
631	0	0.022517418
632	0	0.022210425
633	0	0.021243505
634	0	0.020919075
635	0	0.019227412
636	0	0.018797855
637	0	0.018654747
638	0	0.017679808
639	0	0.016891646
640	0	0.016303292
641	0	0.015907173
642	0	0.014922815
643	0	0.014903009
644	0	0.01414246
645	0	0.013450756
646	0	0.01288478
647	0	0.012553515
648	0	0.011614226
649	0	0.011990657
650	0	0.011402303
651	0	0.010902202
652	0	0.010702161
653	0	0.010802181
654	0	0.0099019994
655	0	0.0094018985
656	0	0.009201858
657	0	0.0084016965
658	0	0.0090018177
659	0	0.0087017571
660	0	0.0086017369
661	0	0.0078094977
662	0	0.0078015753
663	0	0.007417184
664	0	0.0074965632
665	0	0.0068494222
666	0	0.0069598212
667	0	0.0063012723
668	0	0.0063042432
669	0	0.006395409
670	0	0.006101232
671	0	0.0063012723
672	0	0.0059011916
673	0	0.0055011108
674	0	0.0057011512
675	0	0.0049009897
676	0	0.0059011916
677	0	0.00510103
678	0	0.0050010099
679	0	0.0049009897
680	0	0.004600929
681	0	0.0049009897
682	0	0.0040008078
683	0	0.0043008685
684	0	0.0041008281
685	0	0.0039007876
686	0	0.0040008078
687	0	0.0034006867
688	0	0.0037007473
689	0	0.0035007069
690	0	0.0036007271
691	0	0.0035067687
692	0	0.0037977056
693	0	0.0036855927
694	0	0.0033847543
695	0	0.0031192139
696	0	0.0034802946
697	0	0.0038846228
698	0	0.0034108929
699	0	0.0029056372
700	0	0.0031006261
701	0	0
702	0	0
703	0	0
704	0	0
705	0	0
706	0	0
707	0	0
708	0	0
709	0	0
710	0	0
711	0	0
712	0	0
713	0	0
714	0	0
715	0	0
716	0	0
717	0	0
718	0	0
719	0	0
720	0	0
721	0	0
722	0	0
723	0	0
724	0	0
725	0	0
726	0	0
727	0	0
728	0	0
729	0	0
730	0	0
731	0	0
732	0	0
733	0	0
734	0	0
735	0	0
736	0	0
737	0	0
738	0	0
739	0	0
740	0	0
741	0	0
742	0	0
743	0	0
744	0	0
745	0	0
746	0	0
747	0	0
748	0	0
749	0	0
750	0	0
751	0	0
752	0	0
753	0	0
754	0	0
755	0	0
756	0	0
757	0	0
758	0	0
759	0	0
760	0	0
761	0	0
762	0	0
763	0	0
764	0	0
765	0	0
766	0	0
767	0	0
768	0	0
769	0	0
770	0	0
771	0	0
772	0	0
773	0	0
774	0	0
775	0	0
776	0	0
777	0	0
778	0	0
779	0	0
780	0	0
781	0	0
782	0	0
783	0	0
784	0	0
785	0	0
786	0	0
787	0	0
788	0	0
789	0	0
790	0	0
791	0	0
792	0	0
793	0	0
794	0	0
795	0	0
796	0	0
797	0	0
798	0	0
799	0	0
800	0	0
801	0	0
802	0	0
803	0	0
804	0	0
805	0	0
806	0	0
807	0	0
808	0	0
809	0	0
810	0	0
811	0	0
812	0	0
813	0	0
814	0	0
815	0	0
816	0	0
817	0	0
818	0	0
819	0	0
820	0	0
821	0	0
822	0	0
823	0	0
824	0	0
825	0	0
826	0	0
827	0	0
828	0	0
829	0	0
830	0	0
831	0	0
832	0	0
833	0	0
834	0	0
835	0	0
836	0	0
837	0	0
838	0	0
839	0	0
840	0	0
841	0	0
842	0	0
843	0	0
844	0	0
845	0	0
846	0	0
847	0	0
848	0	0
849	0	0
850	0	0
