Wavelength_nm	Excitation	Emission
350	0.089	0
351	0.085	0
352	0.081	0
353	0.078	0
354	0.075	0
355	0.073	0
356	0.07	0
357	0.068	0
358	0.065	0
359	0.063	0
360	0.061	0
361	0.058	0
362	0.055	0
363	0.052	0
364	0.049	0
365	0.047	0
366	0.044	0
367	0.041	0
368	0.039	0
369	0.037	0
370	0.035	0
371	0.033	0
372	0.032	0
373	0.03	0
374	0.029	0
375	0.028	0
376	0.027	0
377	0.026	0
378	0.025	0
379	0.023	0
380	0.022	0
381	0.021	0
382	0.019	0
383	0.018	0
384	0.017	0
385	0.016	0
386	0.015	0
387	0.014	0
388	0.013	0
389	0.012	0
390	0.011	0
391	0.011	0
392	0.01	0
393	0.01	0
394	0.01	0
395	0.01	0
396	0.01	0
397	0.01	0
398	0.01	0
399	0.01	0
400	0.011	0
401	0.011	0
402	0.011	0
403	0.012	0
404	0.012	0
405	0.013	0
406	0.013	0
407	0.014	0
408	0.015	0
409	0.015	0
410	0.016	0
411	0.017	0
412	0.018	0
413	0.019	0
414	0.02	0
415	0.021	0
416	0.022	0
417	0.023	0
418	0.024	0
419	0.025	0
420	0.027	0
421	0.028	0
422	0.029	0
423	0.031	0
424	0.032	0
425	0.033	0
426	0.035	0
427	0.037	0
428	0.039	0
429	0.04	0
430	0.042	0
431	0.044	0
432	0.046	0
433	0.049	0
434	0.051	0
435	0.053	0
436	0.056	0
437	0.058	0
438	0.061	0
439	0.063	0
440	0.066	0
441	0.069	0
442	0.072	0
443	0.075	0
444	0.078	0
445	0.082	0
446	0.086	0
447	0.089	0
448	0.092	0
449	0.096	0
450	0.098	0
451	0.102	0
452	0.106	0
453	0.109	0
454	0.114	0
455	0.117	0
456	0.121	0
457	0.125	0
458	0.128	0
459	0.132	0
460	0.137	0
461	0.141	0
462	0.145	0
463	0.149	0
464	0.153	0
465	0.159	0
466	0.164	0
467	0.169	0
468	0.172	0
469	0.178	0
470	0.184	0
471	0.191	0
472	0.197	0
473	0.202	0
474	0.206	0
475	0.214	0
476	0.22	0
477	0.225	0
478	0.231	0
479	0.236	0
480	0.241	0
481	0.245	0
482	0.248	0
483	0.252	0
484	0.257	0
485	0.26	0
486	0.264	0
487	0.268	0
488	0.272	0
489	0.275	0
490	0.28	0
491	0.285	0
492	0.289	0
493	0.293	0
494	0.301	0
495	0.307	0
496	0.315	0
497	0.325	0
498	0.333	0
499	0.342	0
500	0.355	0
501	0.366	0
502	0.379	0
503	0.392	0
504	0.405	0
505	0.42	0
506	0.434	0
507	0.449	0
508	0.463	0
509	0.48	0
510	0.493	0
511	0.507	0
512	0.522	0
513	0.534	0
514	0.546	0
515	0.557	0
516	0.568	0
517	0.576	0
518	0.583	0
519	0.588	0
520	0.593	0
521	0.599	0
522	0.601	0
523	0.605	0
524	0.606	0
525	0.61	0
526	0.611	0
527	0.613	0
528	0.619	0
529	0.624	0
530	0.629	0.003
531	0.634	0.003
532	0.644	0.004
533	0.653	0.005
534	0.664	0.005
535	0.676	0.006
536	0.69	0.008
537	0.707	0.011
538	0.721	0.016
539	0.742	0.021
540	0.761	0.022
541	0.779	0.022
542	0.799	0.024
543	0.822	0.027
544	0.841	0.032
545	0.863	0.038
546	0.885	0.045
547	0.906	0.054
548	0.924	0.064
549	0.945	0.076
550	0.961	0.088
551	0.973	0.104
552	0.984	0.121
553	0.996	0.141
554	1	0.164
555	0.999	0.188
556	0.995	0.217
557	0.989	0.247
558	0.975	0.281
559	0.958	0.318
560	0.939	0.356
561	0.912	0.398
562	0.879	0.441
563	0.845	0.485
564	0.806	0.532
565	0.765	0.578
566	0.723	0.625
567	0.676	0.669
568	0.632	0.716
569	0.586	0.756
570	0.541	0.797
571	0.495	0.833
572	0.452	0.868
573	0.41	0.896
574	0.37	0.925
575	0.332	0.944
576	0.297	0.965
577	0.265	0.977
578	0.235	0.986
579	0.209	0.996
580	0.186	0.996
581	0.164	1
582	0.144	0.998
583	0.126	0.996
584	0.109	0.988
585	0.096	0.979
586	0.084	0.97
587	0.072	0.96
588	0.062	0.946
589	0.055	0.934
590	0.048	0.925
591	0.041	0.91
592	0.036	0.896
593	0.031	0.882
594	0.027	0.869
595	0.023	0.856
596	0.021	0.843
597	0.018	0.828
598	0.016	0.816
599	0.013	0.802
600	0.012	0.793
601	0.01	0.78
602	0.009	0.77
603	0.008	0.756
604	0.007	0.747
605	0.006	0.737
606	0.005	0.729
607	0.004	0.716
608	0.004	0.706
609	0.003	0.696
610	0.003	0.689
611	0.003	0.679
612	0.002	0.673
613	0.002	0.661
614	0.002	0.652
615	0.002	0.642
616	0.001	0.632
617	0.001	0.624
618	0.001	0.616
619	0.001	0.602
620	0.001	0.592
621	0.001	0.584
622	0.001	0.576
623	0.001	0.562
624	0	0.552
625	0	0.541
626	0	0.533
627	0	0.522
628	0	0.508
629	0	0.499
630	0	0.491
631	0	0.477
632	0	0.466
633	0	0.456
634	0	0.443
635	0	0.434
636	0	0.424
637	0	0.412
638	0	0.402
639	0	0.393
640	0	0.382
641	0	0.373
642	0	0.362
643	0	0.355
644	0	0.348
645	0	0.336
646	0	0.327
647	0	0.317
648	0	0.308
649	0	0.3
650	0	0.291
651	0	0.286
652	0	0.274
653	0	0.268
654	0	0.26
655	0	0.252
656	0	0.243
657	0	0.235
658	0	0.227
659	0	0.223
660	0	0.217
661	0	0.21
662	0	0.204
663	0	0.199
664	0	0.194
665	0	0.188
666	0	0.183
667	0	0.178
668	0	0.171
669	0	0.168
670	0	0.163
671	0	0.16
672	0	0.153
673	0	0.15
674	0	0.146
675	0	0.142
676	0	0.139
677	0	0.135
678	0	0.131
679	0	0.128
680	0	0.123
681	0	0.119
682	0	0.117
683	0	0.114
684	0	0.11
685	0	0.107
686	0	0.104
687	0	0.102
688	0	0.098
689	0	0.096
690	0	0.093
691	0	0.091
692	0	0.088
693	0	0.086
694	0	0.082
695	0	0.081
696	0	0.079
697	0	0.075
698	0	0.074
699	0	0.073
700	0	0.069
701	0	0
702	0	0
703	0	0
704	0	0
705	0	0
706	0	0
707	0	0
708	0	0
709	0	0
710	0	0
711	0	0
712	0	0
713	0	0
714	0	0
715	0	0
716	0	0
717	0	0
718	0	0
719	0	0
720	0	0
721	0	0
722	0	0
723	0	0
724	0	0
725	0	0
726	0	0
727	0	0
728	0	0
729	0	0
730	0	0
731	0	0
732	0	0
733	0	0
734	0	0
735	0	0
736	0	0
737	0	0
738	0	0
739	0	0
740	0	0
741	0	0
742	0	0
743	0	0
744	0	0
745	0	0
746	0	0
747	0	0
748	0	0
749	0	0
750	0	0
751	0	0
752	0	0
753	0	0
754	0	0
755	0	0
756	0	0
757	0	0
758	0	0
759	0	0
760	0	0
761	0	0
762	0	0
763	0	0
764	0	0
765	0	0
766	0	0
767	0	0
768	0	0
769	0	0
770	0	0
771	0	0
772	0	0
773	0	0
774	0	0
775	0	0
776	0	0
777	0	0
778	0	0
779	0	0
780	0	0
781	0	0
782	0	0
783	0	0
784	0	0
785	0	0
786	0	0
787	0	0
788	0	0
789	0	0
790	0	0
791	0	0
792	0	0
793	0	0
794	0	0
795	0	0
796	0	0
797	0	0
798	0	0
799	0	0
800	0	0
801	0	0
802	0	0
803	0	0
804	0	0
805	0	0
806	0	0
807	0	0
808	0	0
809	0	0
810	0	0
811	0	0
812	0	0
813	0	0
814	0	0
815	0	0
816	0	0
817	0	0
818	0	0
819	0	0
820	0	0
821	0	0
822	0	0
823	0	0
824	0	0
825	0	0
826	0	0
827	0	0
828	0	0
829	0	0
830	0	0
831	0	0
832	0	0
833	0	0
834	0	0
835	0	0
836	0	0
837	0	0
838	0	0
839	0	0
840	0	0
841	0	0
842	0	0
843	0	0
844	0	0
845	0	0
846	0	0
847	0	0
848	0	0
849	0	0
850	0	0
